1000 1000 5000
326 225 3872
823 809 5062
508 398 4967
604 479 8795
314 241 3584
618 86 3956
495 292 4386
554 489 4442
340 850 2339
607 447 5883
431 835 2739
181 350 2195
666 284 9874
526 202 6449
70 131 5596
212 829 7710
968 284 8532
969 75 7614
949 879 5414
692 433 4772
92 316 3529
464 40 890
992 706 9264
16 680 7577
826 801 9016
582 841 4517
616 765 108
574 297 9827
403 114 4515
249 471 3777
467 310 5181
414 273 2123
327 51 3212
911 751 2933
882 467 8857
278 56 6008
252 673 5995
164 556 864
240 52 4271
769 870 931
97 551 3206
945 647 2405
988 839 125
85 557 1134
52 382 2580
103 612 4941
259 109 5865
610 370 8822
925 187 6167
337 34 4159
507 266 5250
304 573 7521
429 123 7037
736 278 4628
343 43 6587
530 977 953
615 969 1403
929 61 7167
258 184 6283
734 433 1087
289 304 4525
161 340 6481
124 818 5692
494 353 5379
718 555 2998
945 806 4594
470 727 3493
864 541 4312
211 177 6807
726 202 9140
658 920 2382
545 698 3485
572 710 3975
880 790 3049
988 540 2297
784 126 8254
963 996 4263
818 92 2412
910 150 1856
414 365 5091
414 544 535
73 240 7829
804 490 8055
739 442 567
90 496 4385
214 971 5965
987 93 2214
891 167 8576
47 938 9945
527 775 297
383 851 7562
495 34 615
504 416 3991
963 991 1931
545 283 2065
920 437 8470
159 183 3178
354 546 5851
875 333 7689
78 778 7415
940 38 258
491 44 6781
177 148 349
638 240 4004
297 539 2001
744 186 3028
500 727 8867
138 950 7025
283 753 6230
253 416 1723
245 210 6492
154 506 1199
982 830 7199
574 544 5724
259 994 6928
423 5 9682
390 384 5953
630 809 8625
323 726 3822
344 805 8298
974 199 3838
4 282 3520
282 458 9958
21 224 3207
607 269 5244
833 298 6491
41 421 8923
745 962 2350
415 266 4725
573 350 5484
532 723 4624
956 834 2977
811 684 423
744 38 9991
280 381 2261
885 494 7556
570 754 6129
501 468 6209
832 132 5127
415 1000 2434
744 898 4047
266 570 9799
755 6 8138
482 996 2502
563 200 8523
626 695 737
174 448 2044
586 97 6767
766 294 1930
972 934 4380
608 921 8927
412 625 8115
208 388 2087
445 539 2911
263 40 5770
364 678 9580
880 68 3463
304 955 7053
109 909 2644
172 778 73
552 175 178
535 743 9712
591 859 6886
806 377 2131
899 598 4849
409 37 3982
699 62 2053
746 742 1065
588 400 2642
772 235 7069
828 959 1425
275 784 3374
125 410 5020
29 56 3706
53 444 9733
179 41 150
105 620 1768
339 905 3968
743 782 932
14 586 6408
902 191 9254
899 437 4747
176 411 7012
444 101 3174
770 852 2111
573 246 3219
817 906 9729
208 320 5457
920 216 566
660 405 3021
747 950 9353
93 922 2337
384 908 6541
682 33 5156
902 98 2216
144 868 6744
777 312 6526
722 195 7343
239 451 5735
32 958 542
780 879 3648
584 409 5748
636 748 6030
882 755 2096
935 925 8443
572 5 4914
102 939 4635
48 195 3561
434 492 385
445 753 260
331 953 7877
961 309 2236
65 895 5858
632 938 9800
583 695 3722
836 175 2992
207 813 8803
624 854 1319
773 100 4073
309 802 2355
251 710 9171
696 396 4615
222 516 454
434 446 2450
410 851 1411
892 543 9667
766 196 960
342 486 5692
457 896 4120
631 966 1796
855 344 3976
940 288 8304
821 316 536
862 155 865
420 286 1544
912 421 5268
985 688 9590
641 5 6249
803 940 981
486 168 3165
699 990 9523
130 420 441
63 748 3980
366 605 8404
700 305 2265
695 354 4432
399 873 1773
759 921 7053
442 162 5038
802 761 1928
888 186 1662
143 257 2444
516 722 6587
57 804 7559
995 380 5782
364 433 3210
298 914 1455
624 926 714
84 60 588
276 819 3468
470 391 7725
83 905 6603
887 290 5891
729 145 619
803 460 2437
808 708 8145
800 450 9277
633 800 2918
800 599 4714
601 229 2445
551 357 7234
193 242 6971
25 421 3913
8 846 2348
189 21 7139
56 519 5470
691 849 5209
540 399 9840
895 853 2168
457 320 5209
274 319 9117
680 488 4689
420 863 2618
194 721 5242
536 479 1706
411 722 441
645 96 662
402 433 355
92 796 3310
91 769 7861
146 999 4742
79 712 499
453 755 1927
579 456 7278
844 196 7638
820 381 8042
138 153 3540
676 105 5855
220 908 9048
641 10 7090
32 237 5203
888 855 3384
782 785 7180
892 502 4578
815 53 8079
666 866 9369
906 502 2712
141 894 6805
713 628 2941
618 919 9618
240 504 248
47 848 8224
112 504 954
813 986 3391
742 665 778
42 237 2840
275 505 1916
554 816 217
169 799 8817
950 905 2666
84 845 5883
488 101 5759
709 474 172
313 209 3917
570 224 9107
907 383 8138
282 42 2346
72 896 2539
318 944 4464
317 238 6183
635 936 4117
612 135 3925
540 151 5437
850 25 2824
213 676 5168
844 328 5949
977 145 5282
485 333 5883
650 972 2326
80 543 2101
667 541 5392
95 541 4996
536 221 3928
461 701 3933
305 585 1428
302 449 9389
394 74 8251
907 97 611
40 861 3741
354 900 1331
466 402 4
204 604 4859
119 352 3187
3 614 164
185 582 4553
959 840 5574
32 345 2637
15 714 9164
291 449 9326
426 854 2824
300 318 5189
528 342 9655
723 393 8032
302 746 7338
889 656 5348
738 325 6983
63 322 1753
844 580 2215
371 807 6077
19 691 1295
713 787 7017
964 253 3307
196 186 7920
893 44 3472
83 864 2182
558 843 4621
538 582 3300
637 257 9048
300 431 5192
177 130 9286
4 39 9033
622 289 275
252 143 1739
913 336 4418
320 27 7760
240 304 8113
225 466 8666
285 548 507
684 443 6657
898 262 8446
733 460 12
654 683 5422
446 765 1104
232 870 3720
518 740 5654
379 655 8702
563 493 4788
662 937 4147
201 368 2277
480 926 5725
137 874 205
666 167 9888
58 110 2990
55 924 4002
994 844 1527
496 171 372
931 646 4764
551 333 9068
805 802 9896
776 496 5132
896 907 4989
505 347 3197
66 690 8540
587 795 2821
460 489 9393
256 823 6762
434 73 2737
604 534 6657
723 33 2041
896 462 8055
993 338 5883
625 486 9086
20 423 1553
135 458 8665
562 427 2492
641 554 8985
113 285 9617
447 907 6363
429 810 6248
408 649 6839
102 953 5853
118 746 3995
471 726 8909
413 846 5755
923 915 2639
988 489 7558
726 65 7746
566 139 2986
743 721 1366
651 649 5686
640 228 4284
386 176 8820
530 268 2902
829 992 6500
871 290 6433
717 974 3989
709 364 5796
358 654 8816
67 222 5439
673 589 6578
850 6 3091
410 676 3430
445 496 6454
784 582 2358
515 734 7832
321 297 6868
259 866 8086
71 797 419
897 176 3935
791 353 3055
204 57 6686
637 63 7710
674 570 1888
303 124 5612
42 199 8825
521 764 2603
319 36 5498
903 255 6851
623 109 2702
881 905 3728
104 215 8369
271 298 4102
334 229 7275
912 805 140
197 700 2687
618 430 5432
687 468 5862
480 62 7040
84 932 3789
439 105 5504
175 542 3273
670 224 3837
921 598 7173
632 353 2885
761 796 5872
67 378 996
206 678 958
817 371 5564
877 584 985
326 740 805
496 793 7371
477 582 310
884 641 4048
816 160 2598
770 901 7816
850 175 2750
517 305 6302
881 996 397
265 294 5385
764 907 8294
455 387 5701
695 722 9776
28 892 4889
446 115 6889
987 2 6753
333 957 4434
367 488 7749
796 304 307
862 268 9109
527 352 1552
868 342 4651
894 332 54
984 493 7496
316 708 6832
486 93 9130
519 938 271
996 472 4915
222 638 1443
402 890 8431
91 579 7982
796 791 7010
91 635 3753
563 715 2193
182 909 6298
584 292 6556
487 385 1754
393 896 6258
112 465 9275
420 992 2343
9 195 2412
926 204 4650
303 704 4714
347 184 4436
890 9 2552
631 722 202
461 281 2443
331 55 6763
277 418 9119
490 644 4738
424 19 1924
71 485 7835
224 719 530
769 845 4872
719 627 3582
755 351 8346
849 693 3271
755 574 254
633 466 3424
152 864 7837
788 990 1502
922 806 4294
914 958 6099
189 333 1644
890 21 3419
558 387 1885
446 242 6089
517 606 8444
252 453 4726
948 190 7993
520 700 7360
227 64 6225
125 693 8181
475 628 5560
692 634 667
279 311 4711
774 897 851
916 343 4111
863 777 4360
491 928 7924
716 104 8257
436 435 1684
176 658 2980
31 884 3461
597 478 4834
384 61 3393
991 26 1315
685 344 5338
256 38 1901
445 751 1357
644 102 6660
506 57 3464
610 150 5331
739 495 560
322 872 6602
514 277 7651
293 919 7448
188 285 6811
634 546 8030
447 788 3997
44 503 7878
942 988 570
651 813 3209
142 677 7847
754 589 4148
562 360 1616
655 750 7542
598 341 5705
625 609 2173
631 463 3973
105 205 203
981 25 3016
350 317 6596
831 635 8566
873 466 2145
185 780 1149
395 859 4749
389 971 8145
562 349 3506
521 692 805
237 708 6575
720 922 6740
178 945 2968
629 71 114
484 67 2877
816 656 3561
416 814 5998
161 298 9524
922 581 2139
331 205 5320
916 584 1734
209 722 4395
594 733 5557
971 533 8273
104 489 4929
577 219 4293
763 760 4676
816 381 8588
196 527 2853
565 181 9896
157 794 289
525 508 3031
390 706 5826
367 214 9428
944 531 7635
568 494 3364
752 414 7734
138 618 416
749 41 6173
154 810 213
867 944 6503
323 767 4838
821 787 4344
488 748 6157
681 655 3255
943 541 6005
470 936 184
805 525 9628
568 930 1450
181 274 8474
116 738 8017
422 350 5502
386 209 3003
488 435 7314
700 387 4849
160 93 9609
257 962 3301
497 598 5000
684 145 897
593 623 1018
471 705 5814
159 820 399
399 305 9245
489 764 3523
499 292 3543
324 539 4884
997 702 4011
107 496 7850
543 794 8495
542 561 1098
297 109 3951
317 582 3785
375 494 2286
711 509 3594
570 694 357
505 568 2022
371 293 6237
193 247 4302
451 449 1567
887 594 2054
821 345 4555
410 424 3441
271 523 2214
920 118 507
230 632 1307
64 763 4878
396 563 5733
993 832 2383
178 509 913
464 618 5851
361 774 4376
513 41 8436
220 969 1557
553 117 8249
195 451 8188
175 914 1090
356 215 7879
8 109 8274
410 699 1895
812 7 5077
244 323 9545
137 614 7703
777 681 6176
250 884 888
665 197 4514
185 202 9820
635 338 9489
831 764 5673
38 494 1735
298 595 7305
192 898 8064
521 604 1027
516 486 1645
92 368 5350
680 643 9493
599 567 986
758 593 2433
76 832 7067
703 274 4957
488 787 8175
488 374 8785
372 115 8107
935 304 373
844 97 7048
159 811 1629
87 821 5348
165 450 6154
132 18 9379
739 463 4093
887 94 1884
386 302 4884
215 710 9439
41 548 3519
134 165 2899
106 755 3866
244 638 159
38 407 7504
173 619 8632
385 707 313
334 610 5236
469 751 6368
404 66 5394
921 695 8566
584 502 5790
584 631 9739
239 733 85
33 768 6314
549 125 4615
300 401 8970
1 843 7125
97 797 5189
67 249 8052
7 329 4065
56 829 7203
449 790 643
613 705 2897
468 418 6793
556 871 6522
536 844 4163
539 81 5120
575 879 4279
766 851 3310
441 979 9325
480 872 7622
228 953 4173
217 817 6553
151 869 2443
951 851 1338
569 233 7252
96 114 1867
66 101 2152
10 287 7954
531 507 4548
540 154 404
538 285 6413
175 340 2484
718 159 914
439 213 2952
9 812 7314
368 742 4639
854 443 5281
698 506 1479
606 255 6937
926 438 1339
546 321 2508
1000 149 975
908 994 9358
330 726 8731
535 338 9752
654 928 5368
785 748 6322
521 682 8806
418 933 1775
919 505 2419
875 117 895
739 50 101
975 959 3439
296 238 1207
926 725 461
832 916 8260
879 208 4442
213 92 2144
921 859 8939
646 87 7760
950 398 8223
557 615 9293
239 214 3265
106 83 9617
489 841 1375
753 987 3629
233 195 9289
410 789 1836
6 884 3826
653 489 6255
169 628 1413
284 582 1024
357 52 5679
928 661 5868
786 1 323
134 684 9651
669 856 3811
478 300 4618
148 6 2709
465 569 8560
689 828 3154
296 354 7063
124 257 2486
572 688 9064
448 138 4450
533 889 9447
129 350 2846
210 190 1226
403 534 8558
135 773 5636
866 561 1693
600 310 6376
265 381 7326
124 972 9528
803 96 5598
358 333 3808
358 27 5291
408 539 2592
743 242 7594
168 373 9164
658 815 7737
564 619 55
87 48 7797
201 342 7630
21 397 6582
669 802 1750
753 679 7438
444 486 4211
840 159 9592
443 982 2172
997 951 7735
104 834 539
471 135 2988
308 988 1127
929 554 5357
414 845 9723
482 212 3553
821 526 2311
813 253 7737
521 638 3400
730 712 9515
180 386 9010
513 357 6859
266 655 8840
432 707 3564
69 574 7472
315 766 7536
974 457 462
96 911 5237
880 785 6268
582 13 2882
478 91 2521
157 481 2163
75 933 7933
508 463 4149
618 49 4450
174 703 4477
593 665 7287
492 415 4570
393 505 7961
453 627 6866
247 802 1658
384 705 2996
65 994 1587
632 123 3481
631 329 4030
437 766 8768
407 303 9674
376 979 2888
715 232 4993
638 12 6073
858 975 4697
679 514 5806
568 605 1430
739 369 561
665 935 4314
182 253 8565
660 80 1203
955 164 8323
167 856 118
100 59 4552
421 705 1789
186 872 1884
384 314 5953
802 844 1739
223 298 2571
988 702 8386
554 771 7464
195 879 6368
938 380 2301
496 21 2324
866 362 1488
665 969 3485
711 973 4064
96 634 72
128 652 308
401 788 3364
173 686 9865
125 295 6524
929 144 9074
480 195 4532
756 931 8178
64 672 4668
16 134 6058
671 320 1923
685 659 2621
731 513 1418
722 242 7676
857 470 9829
940 967 6315
631 414 7763
212 760 3382
174 545 7247
139 231 8704
151 374 6901
298 568 1343
7 455 6013
764 479 174
163 847 886
645 601 2027
569 874 8618
867 480 9604
495 967 5159
801 586 1972
742 716 8502
806 507 7546
530 500 3343
954 364 4857
614 639 3290
234 384 4339
651 577 5645
817 661 6973
941 15 1679
716 316 1142
318 982 3085
600 686 2151
910 933 6070
32 553 7746
102 802 226
7 12 6393
940 858 3865
649 55 4405
923 440 7244
961 571 5176
89 926 9031
951 583 2992
194 412 5560
703 959 9583
7 779 869
294 408 5458
900 256 814
432 878 6264
667 18 4296
176 130 3943
455 407 3520
627 416 881
553 441 6024
65 335 6548
482 717 9109
570 143 94
66 294 3319
75 42 5000
477 713 4654
211 497 4825
674 883 7752
470 719 8713
358 265 7527
797 939 4459
966 463 674
526 137 8354
774 664 5366
829 488 9118
235 766 8892
609 698 9949
274 151 5210
739 912 7576
969 310 2092
899 621 9802
550 973 8466
917 476 958
101 302 1680
8 616 9587
380 404 5142
927 174 9211
910 692 8758
869 628 1250
188 210 4554
196 870 5171
743 51 7855
724 886 7209
756 952 135
220 864 7809
946 966 7847
899 87 9269
175 251 5883
603 466 7089
261 508 2536
559 287 4599
714 733 9480
692 825 2803
238 385 4133
2 601 8376
233 791 6146
728 972 5925
282 542 4731
278 63 6207
497 197 6201
149 984 4675
563 901 2889
701 941 2265
104 342 3470
38 267 8758
151 36 2457
903 579 1677
375 559 9370
748 917 7551
421 276 4736
599 844 5938
192 539 9602
496 130 2999
458 566 5928
298 123 2087
171 122 8383
29 147 4540
665 330 7093
373 789 8453
387 810 9969
405 194 2657
521 565 717
147 865 5740
166 118 5003
600 277 6298
40 614 9001
320 731 656
899 890 9041
131 986 9323
117 124 5904
836 1000 6823
60 376 2709
28 281 613
227 463 1004
432 931 5257
66 83 1353
848 152 2933
320 384 8364
910 94 2300
681 989 8375
781 128 2641
45 294 9185
160 564 5794
993 191 9460
570 622 5511
808 551 7165
952 579 6696
20 797 2234
785 660 4235
604 704 6974
735 886 2277
247 804 9084
957 94 9733
258 27 7570
653 768 4916
656 408 5132
701 97 990
929 227 475
204 909 4071
510 206 928
660 119 1501
624 990 985
329 9 7393
502 603 1418
11 502 1402
444 791 9103
184 387 6183
330 112 143
61 582 9926
300 294 2598
290 988 7980
341 403 9767
398 90 2348
985 438 4230
742 426 6686
290 82 7227
216 166 8561
995 689 3548
538 425 2538
755 407 948
427 488 268
295 427 2830
612 504 5872
734 810 7767
631 922 9642
220 161 1507
618 321 731
130 312 6934
344 748 1385
420 613 6854
202 745 9288
992 111 2634
774 134 5990
287 424 5281
143 623 9897
693 346 4965
375 739 9917
874 571 3151
825 274 830
76 88 3419
122 2 4997
783 299 2978
31 331 6616
24 811 3735
554 135 8718
214 320 7163
620 704 4051
904 488 3523
237 888 8864
721 73 2849
723 18 183
12 330 7257
247 922 6057
532 255 6945
489 238 4450
844 883 9663
95 249 3274
803 915 2844
773 583 1260
577 289 2023
828 255 4199
117 846 168
87 157 2416
28 296 1116
52 53 6386
366 13 7749
850 294 9931
931 282 4560
362 597 8459
66 365 4551
487 746 9643
938 7 8201
4 432 46
5 82 76
729 916 5790
838 627 2820
749 772 448
911 327 6300
918 908 3117
646 732 6585
716 126 2656
892 210 8214
960 369 2492
147 252 3686
369 910 6814
578 735 6275
704 483 5848
350 321 7391
544 881 2819
451 566 490
276 543 4261
289 846 6666
438 872 9653
650 443 5259
93 619 938
414 446 9377
652 262 1373
585 9 1375
568 521 5858
765 181 7064
675 743 5167
216 219 2533
271 320 4729
954 523 7766
837 100 7437
186 456 7888
475 309 6584
3 702 6152
268 572 7553
97 449 4133
464 952 8871
224 442 5545
315 469 9741
378 873 185
429 75 3301
179 408 5925
774 745 4361
619 928 447
759 813 2765
959 913 9268
392 588 4240
912 453 2840
737 148 2800
310 109 1115
728 154 4847
772 816 1740
178 913 8482
363 564 5830
280 190 1395
652 505 5085
195 189 4412
471 361 6697
555 45 4486
183 871 2243
915 416 9044
655 942 9454
666 466 5679
394 103 9563
1 106 1108
259 672 5521
578 587 3531
928 792 8097
750 602 45
370 88 7774
524 729 35
773 961 3909
765 355 4478
417 682 883
490 349 5892
987 775 9842
488 295 7214
291 702 8217
513 919 573
134 389 2131
248 691 1914
227 297 662
233 953 7521
409 737 6166
113 754 6341
102 24 8694
165 361 6097
419 584 9931
471 973 5379
500 784 2960
873 971 7020
500 750 5662
801 527 1721
421 309 5644
974 941 4878
121 30 5800
761 750 7420
185 413 8729
308 45 6075
607 481 3229
245 197 8251
520 784 2116
836 502 3743
379 670 5271
581 382 2915
433 655 9213
312 697 9467
343 974 1240
729 397 198
975 333 2939
305 254 8678
665 689 8533
671 960 10000
38 239 6599
659 665 9190
29 282 7079
782 153 4766
667 971 8078
248 306 6113
746 698 1395
858 125 4756
226 728 5895
910 262 5069
42 469 9170
988 223 6516
617 35 4188
335 834 9336
707 887 7363
445 38 7213
202 801 1950
85 223 5421
482 249 2437
679 941 4094
847 494 6184
95 855 2140
615 325 5738
657 592 7775
311 905 2253
468 990 3324
187 274 1789
149 299 1841
430 754 9509
354 116 5863
453 878 3932
319 518 5564
593 329 922
506 503 3131
547 134 3097
725 780 1962
286 812 6617
603 270 9409
598 148 9635
526 923 6860
707 324 5804
912 825 4980
286 94 1227
808 733 6399
166 501 1195
776 805 5448
236 894 3785
90 597 8195
834 121 7482
305 372 6508
646 698 1365
338 421 3714
602 336 4950
297 9 1045
756 753 2474
980 636 1328
62 694 6416
458 570 8385
114 399 5949
624 621 3916
364 88 1588
273 30 9965
982 182 979
159 161 6011
105 876 9995
882 318 9979
624 243 2937
994 342 4612
308 693 7924
683 122 892
81 250 2182
991 840 9365
476 89 9353
354 72 4238
747 686 4004
905 710 8568
560 335 5029
28 546 7690
800 343 4549
195 224 986
301 239 2523
61 512 7973
719 81 3576
561 747 417
166 88 7993
814 848 8680
816 438 8243
755 502 4497
556 825 2803
951 823 950
400 497 8051
135 726 4707
957 204 116
34 97 7539
32 536 5479
337 798 2857
305 61 9126
384 987 7235
728 555 7411
386 563 4345
424 715 8059
604 943 3054
184 606 3641
746 691 6620
568 89 2844
9 888 6182
430 441 538
900 564 59
364 644 1717
145 212 8026
195 751 9987
37 250 7198
78 433 2267
292 56 8595
544 114 2220
472 618 7002
645 50 1694
290 312 9729
38 105 913
849 387 4237
611 125 7776
447 44 345
795 876 9596
556 36 6272
54 578 800
521 998 9156
255 365 2163
634 913 4257
958 407 6231
232 328 6383
350 220 9011
392 942 7492
791 145 3864
305 836 1651
399 718 9735
179 542 8461
109 393 2815
512 868 3241
867 674 8537
668 349 3907
92 521 4408
937 136 3397
969 890 1007
220 600 9195
843 218 8616
267 534 5043
606 825 1067
291 606 6550
701 812 2784
793 733 1082
482 190 2881
492 31 9281
608 705 9029
109 418 4979
172 964 4996
509 914 2161
97 685 964
938 140 9038
783 59 8387
310 101 2209
901 222 9931
5 307 4859
638 680 6180
695 349 2673
683 469 1754
480 212 2408
99 990 108
902 189 3651
309 678 4752
132 656 9555
333 839 6189
540 499 8492
294 218 8697
786 291 6757
494 354 3126
587 285 1036
806 182 7805
765 849 9905
876 610 3793
391 779 3107
994 360 492
639 642 1088
336 687 94
774 45 4058
966 934 4236
845 23 5139
865 148 2871
565 268 9410
837 618 6077
137 861 5565
708 406 8515
752 78 4356
376 70 6860
747 416 1986
69 660 452
813 211 6141
458 272 5931
948 186 8295
982 129 3716
662 525 4364
909 131 3593
984 497 3871
728 491 8146
474 772 4851
710 42 2949
382 382 7832
575 181 7571
335 294 287
772 234 8101
590 874 2776
271 688 9116
286 13 6365
726 50 1805
287 284 9536
259 834 4517
403 282 5442
787 449 5203
668 358 9715
446 546 6736
400 614 1934
491 581 7527
337 319 1531
723 297 1632
581 281 9525
379 988 583
966 673 6112
406 157 285
334 132 3187
399 321 1656
448 115 3118
445 243 3787
720 697 691
865 740 584
448 529 74
449 697 7155
137 154 691
518 294 3543
434 704 2953
302 351 1970
708 566 4526
656 200 8318
307 519 5285
130 769 8630
262 631 4206
759 328 4512
95 487 9381
401 683 913
952 321 5110
361 991 3781
709 123 480
126 1000 2188
530 373 8081
265 385 8061
232 76 8933
206 40 3589
552 770 6114
172 194 3368
355 68 1123
886 21 4939
172 940 15
759 634 8892
362 339 4040
965 329 910
992 518 6195
164 877 39
201 6 6224
332 878 4109
909 155 9672
132 514 2412
546 203 3796
280 763 1888
949 954 2503
192 326 1795
839 435 8228
770 95 509
634 159 1285
112 651 2416
137 535 3675
853 933 7886
905 646 5538
141 795 5037
348 539 5846
22 12 4295
415 755 5112
970 235 491
480 432 3496
770 952 6030
214 484 5013
853 846 8747
406 132 4277
393 849 5052
92 87 2622
796 992 51
124 549 8529
344 510 2040
825 16 9850
724 98 8932
222 603 8396
12 903 3740
155 177 7519
371 513 448
522 12 485
506 29 3832
615 30 1620
390 934 9440
887 418 7233
58 128 491
54 104 2619
93 770 3738
650 327 3422
131 772 7704
426 111 658
987 584 4905
110 721 4864
33 192 3373
444 53 1486
586 327 9471
719 113 4543
732 668 3399
419 156 9979
123 635 6813
338 717 9651
802 109 3370
171 425 4251
660 630 1770
995 591 2005
36 263 9398
488 530 898
539 760 4506
179 597 3035
285 614 3196
869 218 3139
664 568 8606
846 255 1016
614 274 1558
70 877 7490
487 750 5408
22 928 535
895 254 6844
694 262 4174
115 495 9930
894 613 1450
335 733 1451
390 269 5698
166 413 6964
318 729 1531
996 945 5561
267 463 6079
878 328 7346
295 265 2981
206 256 9629
235 813 8080
34 725 2184
35 92 4792
78 220 9234
468 462 803
211 585 3485
987 419 5440
323 799 9058
824 360 8216
662 442 116
493 191 9641
716 504 4504
729 1 9537
318 675 7586
234 312 8570
377 749 1398
765 675 6173
758 457 4673
896 834 5282
996 838 2750
527 646 4810
77 991 4027
465 859 9099
445 739 3780
154 119 733
875 451 3705
169 728 4050
875 899 5305
146 253 4264
113 803 1330
885 653 7209
77 9 1867
657 644 6513
982 536 1065
590 292 3921
944 636 4288
235 922 6705
91 765 4631
736 86 6367
635 322 7418
902 903 8953
744 187 8288
16 301 4674
597 577 861
274 786 8788
241 669 3449
193 251 677
32 571 8053
521 269 6593
649 139 9582
426 627 4064
6 413 4283
427 282 6970
607 46 8473
495 365 1630
833 931 5694
753 943 4369
382 983 3158
858 688 4274
97 874 871
476 819 9973
375 148 283
653 457 5364
646 667 6717
833 156 5975
58 976 5565
94 385 7866
676 464 6528
684 25 2258
986 429 1349
942 107 1596
790 501 186
254 635 9903
575 793 105
503 195 4849
915 653 1271
900 560 2089
677 835 1807
641 123 6279
389 399 5758
294 527 5642
994 849 9123
680 679 5499
264 149 3248
432 399 2522
54 671 721
300 201 9150
23 920 3414
952 265 8297
227 534 4710
645 519 2103
634 882 9072
365 550 1104
332 710 1736
291 25 8211
739 968 7040
329 50 4065
923 1 1566
503 512 4318
400 739 1805
699 959 3329
883 934 7218
457 984 3477
418 331 8428
516 47 871
885 783 3707
942 702 8002
619 216 9954
171 961 2235
614 952 2415
948 781 5451
246 110 9917
423 852 5348
278 53 3660
964 859 5056
423 955 8313
521 961 1799
684 279 3711
564 433 4502
20 286 550
203 562 4816
990 418 5701
343 313 9245
355 959 4783
761 352 5383
413 958 5958
491 880 4723
210 62 4095
547 978 1450
981 384 7514
398 667 5642
501 298 965
756 593 7930
523 348 9035
365 863 7733
786 825 2430
659 911 7116
631 322 7234
433 49 1586
832 406 5050
755 928 4822
393 370 2469
400 205 3501
405 354 462
185 153 2731
561 381 4133
748 370 8042
903 778 1810
34 756 8604
695 481 478
267 538 7493
658 746 1084
158 133 2531
226 377 735
612 720 2399
288 452 2498
741 158 5910
805 647 4721
521 980 7470
541 521 7414
660 663 78
556 568 1339
54 616 3354
34 298 3618
620 209 7034
388 274 9324
342 653 2136
41 74 8139
623 369 140
417 348 3578
461 440 5085
775 90 4794
217 921 9863
985 515 3822
191 54 8553
168 650 2158
175 241 6187
31 908 5786
132 288 5654
139 128 4966
839 780 3141
723 227 9178
853 696 6196
566 855 9172
204 383 3935
621 462 6480
678 874 5802
452 239 5251
459 797 5400
736 631 9811
305 631 7890
842 100 5553
879 21 392
947 269 8303
524 603 6633
104 629 2960
878 948 7676
700 141 2943
487 982 3242
685 434 6015
302 174 8498
927 579 7006
774 912 879
283 898 4751
839 504 6841
587 543 7142
486 918 6332
25 167 968
887 689 4559
819 78 1895
23 42 5776
191 40 8674
724 414 2671
218 150 5760
141 671 832
460 202 7992
441 148 9534
897 821 6356
107 10 7785
251 3 5711
633 263 4585
43 720 2731
366 197 5002
4 755 4573
345 937 7878
728 811 6032
619 838 84
86 336 8989
733 566 6653
894 569 6787
550 662 2888
745 566 3287
402 477 602
908 561 7820
175 164 3747
329 920 5349
307 856 3832
658 315 3640
609 303 5600
766 55 3033
522 836 165
498 351 2024
529 698 4259
977 317 114
781 116 6309
810 321 3532
777 523 3910
216 374 4486
979 303 4685
706 739 710
103 581 5753
378 259 9106
610 937 9430
625 190 6707
94 284 2242
486 699 7269
654 279 6850
805 966 476
496 495 4711
222 575 1939
879 492 152
103 977 5458
861 480 8284
184 465 9550
776 567 9311
461 596 5231
236 488 1398
956 674 1288
416 823 2641
554 155 913
884 270 4451
250 350 9579
303 943 3431
544 779 6505
687 846 2716
618 277 4786
423 339 516
862 494 4841
883 663 2928
39 7 3129
188 252 2024
278 218 532
341 550 6118
741 556 199
914 792 5082
582 230 23
643 942 3159
382 823 9445
185 330 3450
303 234 2702
422 953 5437
460 574 8591
848 312 8569
66 682 9096
665 905 9172
960 944 7664
275 939 2158
526 767 4755
794 152 932
937 490 3139
938 240 1776
791 51 1068
243 695 6432
128 823 4444
64 917 5138
129 719 6518
940 986 2198
424 354 3453
797 424 8599
683 114 6004
328 984 8412
419 722 3837
113 752 3083
519 120 2185
857 457 763
847 491 4812
85 486 1474
662 84 6132
627 712 5219
639 868 2218
463 814 1544
689 516 7553
921 185 2659
573 897 9741
978 743 1725
859 640 6242
327 693 331
364 694 1514
832 426 8900
27 838 996
476 401 1864
68 869 3523
813 927 9904
141 582 134
850 693 8339
998 126 3063
642 947 7698
121 117 3100
252 104 9871
871 218 1105
75 357 1723
44 768 4472
828 626 3557
585 194 7023
893 263 9025
218 895 1906
168 146 7653
453 826 2555
63 865 5657
798 604 9670
144 390 7076
324 973 2303
516 576 2169
665 462 3971
638 874 7637
500 892 8777
922 606 3855
238 678 8028
297 368 5741
368 263 3654
899 307 923
623 262 6830
790 446 6847
888 335 3588
310 296 6333
233 233 2458
901 509 7848
791 112 3129
441 708 5667
227 291 677
732 470 6849
730 503 5976
381 519 6890
221 797 8178
787 336 8391
814 188 3722
989 692 9752
363 765 6857
165 317 9728
834 966 6129
853 339 9307
713 737 8312
23 220 5701
51 366 1984
547 260 5065
873 558 7295
264 320 1102
742 850 5887
357 55 9948
152 857 929
948 125 7158
256 912 2659
167 592 1760
304 233 9742
653 779 1653
817 532 1490
751 639 1843
870 191 37
255 324 8348
951 152 9421
416 125 8129
588 164 6142
832 663 7400
982 886 8015
463 291 8067
306 765 9005
385 600 958
228 59 1930
421 316 9291
726 309 9595
469 799 4296
803 883 4410
729 562 4037
43 256 8774
740 517 625
679 564 5305
313 293 4692
206 599 400
963 783 7467
215 57 8778
934 176 5375
332 485 1789
292 18 7987
440 621 4682
409 53 7567
696 141 5502
532 588 3797
884 416 105
806 145 2079
505 181 6018
374 875 2665
737 42 5711
964 58 3016
808 164 1379
410 64 6482
150 299 9297
301 939 5215
319 452 6678
106 764 4775
688 644 3547
216 682 5093
326 500 7204
963 827 5304
515 341 3985
41 449 5394
161 996 5822
379 423 6295
348 706 5703
826 168 9158
228 253 6820
212 667 2120
858 843 3751
849 995 4292
182 317 6942
212 337 2510
84 736 4856
837 615 4116
220 893 6299
624 214 428
461 279 3220
510 408 2237
780 671 6654
548 249 4813
539 91 4619
928 782 9652
603 823 4977
376 635 4984
791 74 6460
940 725 5661
889 693 7593
50 345 9788
591 26 4698
763 99 1860
233 924 6672
859 510 1516
319 391 8947
944 435 2911
637 690 4601
160 788 2336
974 869 7973
505 784 9163
654 837 2822
838 849 7280
411 126 5858
186 342 8504
619 246 8061
810 503 2181
912 71 2090
582 122 235
199 525 7025
108 340 4853
55 629 3664
683 97 1480
693 281 2020
30 880 9811
144 254 8062
681 269 529
720 34 6578
190 110 1561
276 119 6026
127 43 5942
267 980 5009
501 923 5019
107 393 4898
130 754 9954
113 379 8459
114 2 5810
578 703 1964
210 86 1543
765 678 5989
231 969 2889
720 288 6399
731 626 8910
842 1 6754
422 268 8112
887 412 4006
989 587 8742
93 876 9416
33 391 915
656 398 4380
401 361 2224
927 265 6140
268 466 9629
942 85 8025
841 520 540
895 510 9777
865 318 2471
316 456 6594
451 36 362
772 7 3939
887 229 4863
322 837 4584
65 971 3416
970 151 7834
870 157 1871
914 14 6896
528 828 1308
418 891 5489
723 645 1188
409 160 2664
323 693 8214
181 195 670
212 977 6687
104 783 6145
252 113 7981
442 455 1124
303 537 8211
210 882 6097
999 472 7355
514 994 7259
772 167 5684
504 224 1304
850 984 8366
982 469 8216
693 597 8160
911 357 1547
260 865 9045
79 851 1217
207 21 3317
851 84 6646
889 607 9917
619 596 7217
727 322 8711
109 434 5378
680 551 5518
921 944 769
603 565 196
783 820 3470
858 660 734
618 354 9391
667 739 1694
335 701 9059
352 299 8937
727 23 5279
410 890 1468
609 279 6344
583 82 2338
955 482 5464
950 866 1830
551 996 6269
874 167 9762
870 989 3441
417 793 7876
76 729 4332
628 868 771
41 846 6594
914 192 4874
550 63 6913
961 64 8736
672 795 6831
53 801 9689
769 7 1107
425 137 6980
681 260 1494
363 603 7677
312 440 4339
752 301 9717
644 484 5746
46 541 4086
253 831 6794
636 895 7428
355 755 1215
973 814 9918
41 435 1816
995 702 2795
777 819 7413
383 390 4686
287 283 95
81 440 2779
152 845 4762
878 141 1829
243 766 9607
788 886 7319
875 640 5639
402 922 6303
920 38 1475
44 721 6489
868 422 3124
200 815 134
590 401 5913
603 794 2761
742 819 2279
215 544 6944
394 540 7943
260 6 3997
970 155 5471
166 499 9244
151 501 3481
339 528 4776
719 966 2024
988 314 9346
914 764 159
297 512 9178
475 202 7646
541 492 5742
563 935 628
986 353 4617
959 766 7163
221 794 5840
518 112 627
246 248 8866
807 903 7733
579 182 3420
329 204 9771
984 800 8007
87 504 8152
164 350 9217
312 890 1641
406 890 1246
330 43 5323
842 639 5617
964 485 397
877 209 2747
453 39 5767
777 788 2004
866 879 6621
865 627 8386
697 701 2169
893 991 3681
519 323 3598
190 443 9060
342 227 287
218 87 2
16 366 2266
462 780 412
803 660 745
440 56 9114
224 43 5187
680 944 5582
411 482 8334
241 745 2399
218 17 9902
289 326 8420
474 337 8775
762 279 8230
342 898 3140
930 784 6766
150 713 1201
852 88 679
688 297 3339
181 604 9868
376 312 4260
5 162 5238
579 464 8010
125 242 66
10 826 5688
727 778 7827
893 357 1617
290 404 1152
547 142 4846
99 993 2247
68 312 6351
310 980 6500
390 687 9988
394 354 4612
461 642 8469
591 559 2950
562 419 6826
905 334 8528
492 204 2033
281 951 2390
27 475 9146
232 801 869
983 762 3390
511 341 7085
398 864 6236
838 686 7680
13 4 7775
622 956 5414
282 623 6206
844 229 4988
732 712 9428
974 226 9328
482 361 7961
124 734 9378
792 438 2619
910 802 3931
40 633 7112
308 374 1288
991 345 9280
795 780 9251
284 827 9404
836 559 6763
729 870 936
822 342 9604
698 285 8803
833 325 8771
284 451 6350
119 764 6947
179 229 3471
461 59 3386
508 206 6826
89 689 8014
50 887 602
916 980 9695
553 696 9038
955 721 3449
711 449 6126
132 246 7749
675 365 2537
128 735 461
17 637 3210
569 498 9116
393 770 2576
29 241 1062
76 418 2040
291 527 1009
134 203 3166
341 235 3809
355 72 9347
846 836 9151
556 447 820
546 920 8007
208 310 4830
325 844 3993
546 938 8372
458 77 9313
383 810 9927
419 141 251
345 294 2833
635 647 3601
377 620 1890
95 402 452
364 77 9657
29 908 6545
12 744 5290
922 151 6490
805 550 5115
451 399 6948
809 838 7562
631 588 1170
539 107 9131
509 757 3199
526 48 6993
719 112 1443
553 604 6763
957 140 3322
434 551 8411
359 663 5934
442 211 1805
12 827 3136
263 554 2340
695 415 9348
720 468 2316
721 939 6344
522 573 6479
977 765 8429
828 960 8624
918 773 9878
79 610 8781
372 182 3048
927 934 8328
831 69 3578
81 838 1201
259 359 539
407 45 3339
831 75 4092
846 347 9383
318 902 4257
301 49 9680
168 915 5914
967 133 9180
459 330 4531
202 240 9860
992 962 9447
253 883 6272
41 694 7549
281 265 6786
827 800 5512
71 101 9600
491 28 1415
832 538 4933
865 76 53
905 188 7000
613 877 3860
799 836 9889
589 362 6658
272 19 9165
453 125 6498
483 956 6152
814 273 1664
392 712 9312
383 803 8646
836 39 2433
494 234 8972
719 615 758
870 479 4555
2 722 1772
293 850 7418
515 755 6828
948 669 1008
542 4 2441
217 872 167
838 449 3632
893 374 2116
252 154 8159
748 177 1713
971 531 7939
957 959 422
846 182 160
179 816 7020
793 863 65
99 185 9717
779 884 802
182 364 1323
492 698 1386
250 712 681
230 449 2849
289 129 4800
356 52 9427
236 856 5397
98 153 184
302 575 6266
334 497 9709
778 954 6066
107 70 9351
277 49 3681
326 137 2511
835 733 8160
312 39 7639
42 957 5928
471 277 5798
39 871 7555
660 740 6354
864 50 4694
482 263 7522
744 107 4528
932 579 5911
575 768 3578
547 20 8037
454 622 7851
82 22 2433
216 217 3570
642 385 7708
804 259 5591
511 172 5551
169 173 6799
869 671 9319
67 693 9153
575 930 4711
746 586 2816
763 900 1388
74 602 9697
22 133 5180
763 298 1184
731 425 9599
984 85 5606
456 238 6759
615 318 1094
828 681 598
287 677 7541
190 834 9498
802 704 5041
38 245 9217
613 193 9638
571 835 3624
570 702 1525
743 777 9550
49 734 2164
670 456 8025
653 410 269
601 258 2242
919 40 5047
458 237 5026
463 542 4422
750 71 1579
186 220 6775
577 184 9353
781 925 5436
622 352 8250
428 175 2487
543 992 6767
884 220 1788
528 88 9782
348 472 9059
298 771 4255
296 558 1535
445 499 9363
916 241 5024
159 11 3451
849 207 3591
59 732 4489
933 275 4615
735 645 2527
113 271 8321
381 846 248
161 631 6214
704 552 3078
578 728 4446
288 396 3969
307 58 4539
255 261 1888
136 299 2278
1 208 7799
142 57 7158
675 776 9998
891 596 5203
499 861 8700
575 674 8433
653 138 9212
359 718 8079
221 817 7792
761 683 1079
962 873 4005
210 473 274
617 82 7628
189 557 9943
915 214 5502
785 807 7666
975 716 804
435 681 5627
612 578 1249
423 165 2304
248 709 2194
705 436 1714
720 702 9619
419 575 1941
527 541 5512
718 925 1389
109 220 1128
150 979 4751
107 573 7781
138 627 8930
227 62 1514
69 303 8818
304 155 9296
653 236 4436
255 898 2753
273 863 9015
331 551 858
866 161 7107
654 959 1876
825 54 7202
109 469 340
142 486 5597
173 937 5462
113 13 12
64 72 138
402 789 4904
596 252 7621
258 793 6038
749 79 2895
122 443 931
267 727 7701
469 502 6813
959 535 7967
808 323 7329
812 583 8962
92 194 1544
33 294 428
321 463 3337
335 429 2346
407 572 2402
74 279 3255
787 501 277
381 631 2785
257 138 2557
201 606 3320
481 6 9869
788 792 6391
357 354 3852
956 153 1328
468 251 1159
200 492 3405
265 799 1796
307 89 3987
703 970 5445
26 810 4221
637 869 871
506 621 9499
966 917 4003
386 839 1152
871 544 3430
44 602 4160
659 137 1588
192 813 1969
470 878 4970
251 760 4411
77 732 1473
296 13 1831
529 765 6854
165 516 657
447 624 8613
387 63 1609
828 310 2004
457 630 5940
745 269 9583
913 620 9874
439 544 2305
392 694 6012
654 540 9469
452 125 8461
99 65 319
775 784 4412
307 222 5338
88 451 8850
9 23 1775
433 497 9545
168 195 7132
487 691 1719
393 285 2255
322 973 1549
693 351 3796
128 356 7258
412 640 2526
527 167 130
539 520 1931
231 16 7875
719 145 1971
66 36 8386
613 947 3853
15 276 9712
941 492 9628
321 404 5538
594 837 6285
91 837 4224
287 894 6897
662 950 7174
817 390 5341
845 48 7225
315 541 7933
762 399 1255
168 80 2448
197 397 6526
646 921 1068
299 999 4761
483 405 6423
650 921 4001
343 257 3887
293 824 3377
101 951 2348
174 245 4526
418 984 9024
758 900 3195
555 799 5761
38 173 827
546 546 3921
838 468 2786
972 164 1190
91 649 4835
62 981 9439
19 901 7074
110 632 2439
164 123 9349
200 929 3979
391 482 6525
205 339 3035
213 295 5221
147 227 4682
654 436 7099
82 377 9058
57 517 6874
850 844 3654
835 822 2979
89 285 2614
155 214 1343
371 10 467
374 228 2987
881 938 2772
238 905 8224
363 587 7047
985 744 2435
524 742 2736
331 42 8598
304 774 9025
86 575 5926
343 108 7887
511 683 5529
986 576 9994
259 902 3959
431 941 7080
628 705 3792
748 757 1020
369 21 4857
106 455 7678
623 1 8826
194 99 4418
387 622 2567
129 678 3292
350 362 8733
845 11 4756
62 1 9977
485 861 5574
516 434 7556
875 948 6433
542 432 4721
61 587 6788
490 533 3365
954 528 4354
458 674 2071
186 154 5151
5 774 1960
74 835 9852
598 538 5289
458 449 7981
765 536 3259
448 243 9328
295 431 1105
213 911 6194
921 205 89
837 938 4693
976 594 9424
87 47 1628
159 930 2736
34 23 5655
867 47 8961
971 538 3474
160 614 2601
671 851 5526
987 593 6495
472 319 5538
961 269 1785
656 920 2837
787 71 4284
788 989 46
460 924 5446
190 587 2476
649 573 6007
901 444 3789
483 548 967
112 948 5016
119 850 135
185 196 2576
10 556 9555
134 972 4195
361 342 1841
289 661 8053
637 459 7567
495 764 434
595 523 2580
29 37 585
368 532 2008
615 883 8575
407 691 141
45 854 1995
660 272 2430
152 193 4557
659 65 94
409 948 1860
770 943 5863
679 905 4047
278 885 7970
968 906 8172
686 310 9418
666 594 911
88 360 1513
127 312 7967
818 595 2222
55 721 2690
963 967 9444
416 140 8070
284 324 9495
8 46 6209
242 220 1829
906 690 970
574 79 5748
810 144 3948
860 703 2526
376 304 6331
706 482 256
476 103 5488
277 828 7419
962 43 4742
583 803 3276
524 29 4591
554 438 8821
680 128 93
764 627 3166
125 913 9175
167 161 5149
558 456 2920
23 235 6192
45 753 5139
662 956 7402
113 260 2800
624 362 9214
746 466 3927
263 844 4408
408 352 4580
288 485 7957
708 70 6368
15 702 2071
358 519 2380
794 293 5565
661 618 5375
374 692 628
853 875 1859
202 119 3820
77 226 639
888 424 8303
853 223 969
242 973 9551
114 636 5877
367 534 4482
66 900 13
317 851 6797
531 380 4317
765 123 8881
485 812 4034
78 84 4834
590 946 1788
938 460 1595
409 62 3360
233 219 5325
295 765 8088
766 257 7844
990 967 8947
821 414 3214
344 834 3804
363 408 1494
267 905 2008
180 365 1208
905 287 3712
336 261 2523
653 971 1083
279 578 5015
380 78 2110
966 198 4257
348 284 7078
922 33 1301
146 175 856
289 124 8946
477 926 7563
857 679 3175
188 374 8574
830 70 8773
427 955 9290
605 503 6584
953 861 4932
387 215 3357
544 806 5750
326 135 7223
966 623 6728
975 79 8581
872 538 7737
854 843 7882
867 802 1465
375 184 766
628 79 6959
550 176 7750
777 86 364
122 918 5118
629 446 488
336 913 3377
505 271 1536
938 705 7678
215 275 7775
242 79 9935
840 132 8986
96 990 1943
333 993 7824
530 905 8733
335 867 8532
403 704 2369
148 119 2605
28 236 6789
318 771 119
484 486 8353
248 525 5464
84 12 4103
680 524 352
193 870 1413
412 307 4101
633 225 153
617 645 6934
260 575 9974
510 695 3535
688 990 9027
476 547 4066
592 692 4418
711 920 1922
9 779 7537
537 482 769
640 115 4364
240 324 6240
801 571 5038
338 707 9612
451 13 8394
953 971 4484
596 664 7825
310 866 3071
959 56 8322
788 102 1756
958 267 3887
183 929 5086
889 231 7673
214 759 9835
670 792 357
918 717 6187
351 923 5713
798 118 2628
239 694 8184
597 244 5533
643 339 5349
382 630 1291
394 157 867
101 785 7412
165 958 2651
135 402 3213
748 513 7445
613 716 4432
595 665 5133
275 503 8711
737 212 2620
867 938 5976
927 204 2141
282 319 2491
196 448 186
887 38 238
125 206 1517
663 719 854
963 162 2842
346 258 3096
400 752 7823
283 942 4342
754 330 2375
525 165 9410
504 30 7350
279 211 7537
475 24 3042
461 473 9656
514 122 6065
216 578 5049
376 857 9238
669 833 7928
772 763 9561
27 818 3892
918 743 4626
211 933 588
340 482 703
576 118 143
623 512 3402
212 538 8478
564 924 524
643 807 4121
579 949 6579
507 922 2060
692 355 2860
743 210 9125
187 124 2273
908 148 2292
613 135 5745
236 811 545
907 384 1910
671 489 4098
589 866 3241
448 134 6828
994 684 7969
823 508 4796
299 697 8724
42 414 9292
168 46 5625
241 148 9672
145 917 3422
714 268 212
804 561 7869
930 408 7532
513 33 5980
788 269 1932
120 404 7234
713 206 5659
494 293 4686
148 664 9570
403 983 6000
172 369 328
113 489 873
4 27 38
370 260 3233
302 486 6235
36 973 6998
218 474 4539
323 194 8175
349 314 2137
262 181 3891
709 396 3969
335 318 9281
417 851 9465
796 418 7629
926 201 9256
657 499 3770
552 321 4761
776 907 6319
460 348 4854
40 537 6854
974 696 7335
640 361 5475
400 177 448
551 257 5226
929 764 1509
750 745 4044
264 786 4351
341 247 8062
867 800 781
584 157 9749
773 305 9154
928 988 3962
700 483 2561
410 209 9209
811 469 5427
160 593 4911
682 279 710
70 579 6121
312 968 2176
494 787 5241
293 843 1583
86 204 1074
627 112 9734
309 740 584
655 484 1190
473 37 246
141 668 4156
76 528 9460
160 672 9811
177 969 1788
240 98 2036
888 66 8867
620 11 9789
791 596 7690
821 670 7735
423 953 111
510 449 9971
122 6 3593
272 804 4195
692 903 8173
949 580 7727
718 462 7178
9 691 1228
478 991 9953
321 167 7791
121 565 8286
529 426 6901
60 161 7397
234 187 568
18 704 7530
774 8 5057
875 132 3969
86 886 4241
187 569 336
739 43 6450
911 736 5661
364 52 4192
846 203 3587
64 338 2869
542 94 7353
402 517 4796
981 625 9930
395 671 5440
743 949 4327
945 778 5998
994 260 3458
38 276 7991
542 642 3279
61 491 8198
245 303 6701
513 62 8552
625 992 2713
836 681 5558
435 473 826
793 958 2888
886 88 6353
77 401 2656
400 761 4482
990 224 697
688 863 649
183 526 3659
160 478 4141
296 544 5004
644 858 501
328 606 1448
444 402 2929
410 282 1538
190 958 2312
416 514 3466
496 435 4704
76 679 8405
64 974 6310
123 760 253
750 819 8582
544 471 9646
167 869 6590
349 687 9911
65 167 9301
916 528 1528
618 651 5306
174 422 7362
689 949 1800
350 907 5770
192 636 1534
573 882 1780
199 223 7865
397 142 7659
749 11 1922
953 626 4893
285 869 6887
579 579 7239
544 677 2853
171 720 3335
724 816 335
681 628 6598
284 330 8503
432 319 7988
378 425 8894
226 216 2932
609 150 1513
691 388 9096
895 817 2393
809 293 1587
807 478 700
776 747 1023
876 18 6913
767 627 4357
743 886 3309
596 446 2337
984 147 8910
891 498 478
629 541 4977
529 380 9850
295 217 1455
757 617 4303
390 387 2170
181 916 3741
800 545 7283
166 931 9959
754 131 1213
514 453 1344
315 683 9375
135 142 8298
823 491 2406
201 364 7819
300 833 9653
34 859 43
978 163 2146
456 649 9073
928 253 8230
692 909 78
298 385 768
452 302 4457
586 593 748
689 486 7567
66 641 3900
944 132 7550
489 401 4158
42 277 6952
211 227 6176
700 996 1913
17 339 5064
193 237 230
356 103 225
913 480 2984
948 327 1438
533 803 7075
32 291 3562
961 940 8752
772 290 2630
216 704 2118
970 253 3216
28 605 5045
838 349 8664
493 486 8463
975 116 3770
373 572 5282
382 628 5498
223 449 8264
793 80 8452
116 902 9227
450 761 8196
316 836 9326
451 953 8088
846 427 5672
949 607 9637
128 174 2054
502 388 8864
863 353 2868
306 202 584
822 480 7010
799 546 7188
384 853 5435
130 212 1807
32 470 2971
787 739 4884
452 70 3417
475 140 9891
32 143 3297
624 847 9577
276 510 214
149 911 8509
847 425 3974
577 308 3029
443 446 8664
731 817 4507
330 741 5794
590 379 1725
996 92 8377
4 878 5307
286 29 423
520 780 6415
989 593 805
117 410 254
722 83 1565
805 488 8785
732 374 9633
594 704 2562
871 243 7654
913 989 126
354 852 9740
454 234 8625
207 693 8132
348 316 5170
629 802 3792
174 367 9465
349 661 7478
324 498 9610
344 3 7816
706 711 8534
756 595 7204
90 781 7454
409 292 1140
463 722 1779
675 541 4969
626 780 933
790 443 727
225 87 1263
455 966 5690
929 505 1307
980 858 5250
117 652 1575
765 447 8185
696 669 1815
252 250 1701
788 476 4795
18 131 4668
957 513 8001
547 716 1082
171 512 3009
145 353 920
497 21 6857
510 112 3718
287 53 5855
424 586 637
284 486 5706
823 537 9125
118 335 557
399 298 2901
526 17 7157
296 136 5481
960 424 8430
319 931 8902
143 190 5090
10 253 3319
236 72 3207
963 220 153
847 163 9592
121 501 9254
191 850 6593
174 392 989
104 655 3765
296 270 4829
718 680 3618
545 658 8324
135 759 4112
795 430 8495
444 772 3009
975 390 192
731 265 5268
318 19 1262
879 659 7263
167 203 6499
364 19 7295
9 628 4178
628 236 5898
453 23 2160
60 836 2012
483 751 7521
269 405 6796
509 293 5703
974 967 7235
702 886 7237
605 978 7291
368 533 4606
813 182 8306
114 231 1104
806 588 1583
892 183 2285
803 965 9029
543 177 3142
863 924 5106
62 338 9778
509 444 1287
379 284 7764
743 233 7989
826 197 2007
183 491 3089
330 119 4380
349 982 230
434 813 4789
80 144 488
554 772 7814
557 412 819
726 652 6590
15 467 7307
915 626 218
153 999 1191
250 770 7920
552 648 4432
11 910 4035
274 579 9191
31 172 589
623 413 338
679 285 2967
58 286 4944
280 509 5471
879 746 818
221 122 1690
520 825 5608
21 773 7616
69 646 1567
406 88 8360
270 528 6423
549 349 1535
543 225 6619
369 875 7497
874 673 1656
301 532 294
228 101 2372
873 513 9415
616 897 4921
526 129 9825
975 830 8068
840 408 6932
689 337 9540
171 885 6705
133 603 9936
434 158 8897
856 68 7269
215 985 3021
353 725 4159
931 400 7313
470 632 7025
950 645 3154
919 345 3567
506 986 7456
796 388 3984
714 846 2482
529 565 2319
44 896 752
800 264 2397
701 252 2322
95 698 5060
976 807 645
251 13 3656
242 473 8056
466 754 4557
752 621 2649
580 790 4043
908 302 8455
694 238 3247
12 529 2502
739 768 5363
886 579 9918
797 762 8468
725 589 1010
726 601 5155
390 58 3702
945 974 53
3 727 5011
522 689 3084
717 467 7695
73 698 9231
428 103 232
359 887 9825
351 507 1822
84 734 6074
738 426 9736
262 131 5198
795 718 749
402 333 6413
783 221 4802
519 292 2576
423 644 5063
487 109 8261
608 973 2426
524 197 5144
33 832 3015
851 276 5789
259 882 2868
74 896 2816
910 892 4564
21 705 7520
910 123 1911
574 695 248
736 737 6019
806 614 3091
677 413 6937
69 164 9906
847 907 1984
984 622 3222
176 821 8282
419 700 352
654 682 9250
662 776 1729
360 292 1862
86 957 2951
951 771 8179
495 880 7732
500 210 3811
436 169 3509
477 93 1329
5 709 767
476 475 6572
448 685 485
605 873 4765
970 931 5785
137 54 9265
18 738 1787
938 177 5653
984 238 1316
703 563 9845
684 431 4883
243 90 9528
945 736 8998
97 892 2107
530 834 8955
618 821 2365
901 921 8635
231 92 2484
530 698 8040
123 959 4216
336 129 7135
854 956 9905
242 546 6526
526 441 5875
190 932 736
372 69 3096
399 804 6513
353 746 749
862 426 3736
30 174 3502
913 808 5504
942 921 425
452 657 849
705 918 4969
429 255 3881
230 663 4446
26 369 9130
545 349 5063
443 832 8942
688 978 4239
782 75 846
529 301 3080
966 206 4046
785 229 1582
86 846 9165
689 342 2987
587 244 9993
336 875 874
55 526 8474
765 103 7105
250 63 8835
254 307 138
845 10 443
591 328 884
824 335 4049
952 317 3100
780 753 4377
59 715 2171
253 657 8985
562 723 4151
141 210 596
411 250 4132
450 348 7707
881 972 4146
68 86 9424
607 443 5444
546 870 4950
203 27 4983
462 643 4453
324 200 9735
434 723 5709
542 797 7407
671 575 5080
309 92 4872
28 409 111
251 143 2515
265 750 9472
946 271 4918
718 602 2189
839 822 949
128 41 7707
724 889 2906
128 143 6830
133 881 9521
322 533 5288
673 901 9264
651 62 7014
634 370 2795
428 172 1158
723 396 633
237 57 4989
501 611 5230
735 226 7874
871 730 3825
794 139 4819
105 123 6902
329 311 2215
349 502 8347
85 191 1113
586 968 1715
440 261 7478
476 58 110
452 694 9491
922 135 5843
521 687 3229
207 147 435
554 804 9393
438 62 7619
710 990 3244
72 554 7973
830 896 9364
193 916 7370
469 31 4667
311 959 8477
922 887 1317
907 599 8329
548 325 3536
399 183 8544
438 452 5528
790 988 7483
722 616 37
549 948 2143
155 919 9368
814 924 429
785 472 3791
151 122 6066
869 735 7444
308 466 9555
264 377 2434
445 570 7352
128 220 8494
471 26 367
220 395 5800
582 447 7015
83 781 7356
622 931 4598
166 206 2121
258 526 1683
611 795 5087
197 126 6793
736 120 7693
863 138 4374
967 17 3833
27 119 4309
352 956 3893
939 85 3764
138 658 7459
125 504 832
518 615 3408
893 514 9617
61 845 2196
217 254 9800
290 761 7634
72 254 7561
779 270 3045
970 964 706
551 254 967
805 239 2082
543 540 5721
388 852 2084
651 223 9517
20 676 744
528 523 9074
581 501 7879
936 401 7833
543 595 1886
893 494 2374
367 758 9892
924 729 7768
123 330 4774
180 251 391
677 177 2402
907 857 7998
508 301 644
774 978 3833
640 180 130
734 107 5237
59 414 6764
77 228 3014
926 17 2752
485 320 2516
903 746 1182
341 236 1030
544 797 7534
816 300 7815
222 495 9474
872 524 5186
181 942 4038
123 897 7909
47 691 4493
916 15 5151
639 751 9652
271 598 5909
797 759 9944
625 479 5919
304 630 9846
429 923 8195
34 714 1200
398 251 6746
777 101 330
813 483 8519
709 371 1318
521 895 2548
409 301 986
668 365 6093
545 694 5660
861 967 4112
342 102 2094
124 912 8215
933 614 2209
22 601 329
626 421 5782
597 538 1159
994 915 9091
689 422 9417
437 165 970
896 252 2898
364 442 6536
568 69 9962
385 239 8312
996 917 8759
999 267 3488
193 364 2913
143 757 1314
137 337 7109
669 152 8306
39 572 210
317 328 169
137 829 1635
219 361 5960
456 537 2630
672 954 8818
543 608 1489
325 164 3344
502 698 5873
789 221 2668
807 384 7860
76 120 1129
610 139 6105
568 547 3603
356 47 6952
355 114 303
875 957 2056
54 272 8669
681 418 9462
616 473 7949
205 647 8617
85 314 8518
630 998 9102
349 276 8998
421 523 5032
348 426 722
548 126 7959
547 955 2502
961 271 6380
273 955 2231
755 980 5177
776 354 4339
101 886 3768
823 295 956
368 506 9748
782 386 5490
441 123 6102
960 49 8906
372 837 5298
239 233 7472
526 250 2060
870 502 773
743 38 6928
848 585 6200
57 83 3040
353 333 6767
436 381 371
337 910 978
582 244 383
461 582 5074
573 484 2878
815 160 1383
694 594 4867
332 400 192
70 501 6327
239 688 2423
228 892 6394
466 659 8625
335 728 6706
710 311 2652
929 395 3883
569 932 1120
803 236 3742
146 466 5190
824 578 539
794 39 3690
933 584 7988
551 266 5211
60 950 3397
45 48 6541
34 213 9607
527 847 2
719 826 5936
599 370 4545
1 707 5805
297 476 8148
620 483 8146
647 577 6685
38 150 2980
325 45 6438
180 835 7274
412 572 5297
294 700 7880
738 436 8478
958 644 771
901 866 179
276 309 9482
707 323 6937
648 562 9531
94 134 1376
818 63 2563
205 12 8685
548 341 9563
899 350 6746
827 172 3759
622 804 7385
396 314 3593
827 741 4304
941 529 9117
330 781 4255
718 430 2064
467 649 3287
235 213 2715
216 10 2162
763 919 6617
557 767 2203
336 819 3734
636 133 8009
569 750 2507
732 523 8217
616 133 4552
656 604 6519
353 772 9045
374 365 2885
7 982 6035
909 145 7805
244 176 3524
462 877 9147
284 747 3186
288 801 4774
815 555 4231
532 375 2669
481 975 1800
474 804 854
390 497 9527
467 459 575
881 216 7944
648 43 9463
325 876 252
997 20 9514
107 322 2492
916 311 3416
121 646 6275
822 81 2388
701 496 7978
239 293 8156
238 747 467
251 888 5088
921 593 2841
259 87 532
619 857 9542
437 7 2719
628 358 4985
513 854 8689
825 141 6540
752 85 1595
109 686 7433
660 444 5856
841 675 850
834 117 3764
811 474 8027
760 557 6075
635 26 4762
825 179 7633
519 715 6651
259 756 5474
635 458 9388
636 584 9309
311 405 7845
326 195 3884
942 187 4370
925 616 8003
4 840 2493
432 484 1061
835 907 2456
617 620 5344
19 818 6272
567 869 8652
910 948 5802
797 546 3212
775 635 864
540 984 3664
623 783 3727
751 432 5500
968 102 2533
754 776 8975
567 377 5179
917 304 5343
412 79 2376
379 663 6724
434 937 1883
980 286 3371
979 943 7490
632 547 9332
81 963 1008
680 982 8427
256 953 6249
98 681 7069
847 989 8517
660 793 4511
595 791 2419
282 945 4355
725 747 6053
950 382 7336
587 125 8059
89 961 4079
24 265 2734
594 853 391
968 280 2810
693 381 2733
733 764 1290
384 728 954
255 844 424
658 987 5881
447 814 4996
332 451 9466
918 120 4504
944 685 367
376 348 3182
625 131 3916
271 255 7018
214 87 9701
780 430 2104
610 76 8202
897 221 1026
867 600 2781
173 490 6725
333 346 5653
905 59 5182
205 21 2724
103 549 5679
981 289 7649
328 872 1693
337 985 6073
324 904 2051
164 593 3957
13 318 1636
325 288 2084
490 147 4095
35 202 9734
250 973 4595
925 18 6109
297 121 559
487 862 6871
436 399 2173
929 812 9532
241 911 5614
209 28 9623
492 880 4972
31 186 3899
432 379 2497
249 225 1807
275 24 8203
58 369 7437
363 165 2423
94 82 1247
329 64 4023
534 984 5042
2 308 7941
406 110 5717
327 566 4370
574 8 1510
277 886 9408
849 230 3135
38 302 2331
840 471 8998
36 757 9861
733 231 3682
416 6 1248
911 310 3607
602 237 3144
396 614 6695
802 71 8598
980 214 9685
95 448 2703
851 601 1770
637 783 7429
536 425 1804
650 911 8222
117 563 6863
338 330 864
467 280 4256
520 822 9972
651 904 7673
354 335 10
681 499 5828
701 957 8948
144 61 6749
589 678 3055
46 796 3884
108 858 2587
388 214 7876
761 991 4005
478 954 7110
436 549 5686
766 116 387
28 530 3804
282 558 3173
528 412 2818
4 640 6909
306 198 4899
449 275 7737
434 38 2802
329 161 5301
954 375 9000
275 635 4733
584 190 4268
786 32 4510
33 630 9591
50 208 9003
996 876 9965
326 642 7706
917 497 5991
906 151 3414
404 673 990
818 366 1432
628 667 9114
907 329 7303
392 207 7489
507 102 1968
515 309 6166
532 917 6079
866 456 2941
9 923 5477
66 409 7336
590 754 7489
476 600 6493
285 584 6414
46 647 8656
528 945 7281
762 616 8016
814 64 5706
223 30 1375
925 104 8453
88 865 2849
494 371 8807
497 937 3188
343 754 1646
958 874 1503
116 371 3702
335 11 1886
999 354 202
119 880 736
478 349 1094
737 256 7027
852 319 6418
649 136 1127
574 403 5714
679 546 4086
500 73 1396
702 19 61
717 14 8673
518 973 8863
667 467 1252
153 342 6517
208 815 9601
783 384 6380
487 241 140
100 915 7200
398 222 3352
776 97 8573
917 537 6580
38 233 5607
387 819 2000
235 483 4470
738 575 1192
322 140 3967
141 330 8726
603 662 5829
248 673 9197
585 521 7839
504 140 4134
958 563 4250
764 722 2184
993 626 2518
975 704 8509
500 907 6574
481 666 1588
663 753 1488
34 704 8084
990 684 7348
228 763 8437
343 76 7296
863 687 5533
922 479 3891
973 222 677
412 933 2384
583 8 37
420 121 9981
934 309 9970
506 827 7403
462 969 5133
991 724 9121
26 346 4427
320 777 7268
478 206 7485
665 265 532
164 462 5838
828 434 1209
73 330 3087
101 588 6695
977 532 5976
302 431 9736
105 839 2620
642 244 3786
900 860 2895
214 919 8474
69 935 1598
746 485 8117
278 460 7479
793 8 9941
66 819 6699
902 316 6046
239 57 6135
261 399 5363
756 143 4114
253 736 4702
645 45 1119
534 713 4137
481 600 4252
491 831 3702
623 744 5874
897 899 4139
537 918 9225
95 4 3015
333 57 3106
397 326 2819
355 211 493
925 875 5319
375 455 7220
97 224 7961
622 38 830
419 134 8086
999 872 5032
929 400 7317
994 496 7492
880 87 2936
933 483 6061
337 721 1288
188 637 5156
135 875 9332
46 946 7464
548 633 8513
203 782 5858
937 303 6675
713 456 4567
502 550 9476
938 786 3562
401 650 2572
239 313 1678
996 301 2029
777 845 5651
786 999 2004
262 623 3797
189 504 3819
802 680 7432
459 493 8651
513 377 8836
625 906 7776
238 688 2122
676 910 5352
102 558 6900
607 785 2605
506 178 7919
721 456 7438
21 216 5788
509 88 5299
145 356 9336
859 587 176
265 157 4621
768 799 4653
983 910 1579
334 327 5464
510 791 6114
307 880 4226
727 583 1478
790 809 6173
286 276 4192
820 984 8558
722 547 4530
331 986 7434
1000 256 3053
889 159 2248
822 18 2277
612 541 1922
166 830 2392
506 365 7623
134 772 6773
233 964 2121
403 838 8670
311 179 3831
747 600 2083
353 845 2437
831 33 9388
417 306 1088
623 819 3613
658 590 6396
488 329 8974
614 11 4030
954 597 4103
567 218 2927
701 964 9483
598 650 5284
923 231 8127
524 335 8235
121 591 466
747 817 8290
748 616 2657
166 790 8920
905 464 7501
749 406 4109
763 95 1399
935 949 4130
715 813 2713
274 986 1622
569 114 7918
869 765 6989
885 769 6712
84 134 8396
905 525 1326
147 851 3852
326 20 7019
916 963 8547
847 110 2289
816 182 3962
157 434 2695
292 629 3983
961 149 8598
531 780 1562
931 701 91
298 132 6242
511 488 9450
201 281 8976
901 405 2707
815 681 3769
771 68 7067
765 509 8346
451 311 8932
647 784 5501
373 591 3746
495 169 6849
352 346 2221
323 38 4398
911 138 8147
824 134 9569
573 860 4830
986 585 8195
535 771 2843
290 282 2656
862 219 831
207 992 6404
166 888 3325
446 224 6978
559 392 4201
355 815 4465
980 320 1938
661 658 2834
251 559 5201
882 697 9460
686 859 1381
488 135 3477
874 418 4014
994 953 9450
501 921 4415
659 707 1200
206 268 2353
223 605 7960
852 176 2156
557 167 674
681 538 4964
892 944 9297
702 830 9667
732 286 6388
669 260 5305
316 300 3660
762 254 7123
404 913 1651
897 913 2343
822 778 4522
701 488 1399
910 441 200
668 961 411
663 462 1197
818 176 3344
757 62 1142
33 589 1650
769 971 125
224 616 1282
413 368 7802
974 962 4983
728 431 4397
88 849 5733
893 745 921
594 123 8245
484 84 7588
121 621 4082
68 661 795
521 556 7170
618 148 9662
906 47 7183
856 624 2109
838 380 9309
486 815 3352
276 379 3632
377 387 284
966 962 6862
555 979 5811
521 10 1459
101 426 1797
771 673 5809
770 719 9544
118 133 4783
765 101 6592
853 599 4055
880 829 7731
288 586 6081
494 873 2628
952 887 5634
41 243 4963
814 732 6876
619 402 2334
91 903 2739
842 382 1398
963 117 867
141 800 8979
262 733 4473
340 858 8410
862 734 2158
253 163 7324
861 523 6592
676 385 1158
304 927 5310
761 436 7641
79 417 668
240 647 8847
689 97 3525
299 618 9093
533 202 1097
83 127 5871
64 704 3087
528 582 3841
360 975 6008
377 565 473
525 749 2430
60 651 1093
835 281 6496
822 896 4128
902 658 765
195 693 8168
873 523 4118
376 619 6255
506 823 9180
475 805 9416
948 868 19
476 175 4761
557 144 7244
14 87 1485
466 66 1497
949 943 3657
912 449 2207
788 856 6464
13 851 6121
265 857 4092
763 849 7782
293 56 2720
255 294 2236
774 269 3810
963 315 1615
60 663 9308
335 831 9060
834 549 7661
435 404 5346
633 87 1940
707 288 6167
407 712 8665
672 998 3984
614 71 4162
771 82 3408
29 756 8178
222 923 4336
49 703 8590
527 572 2810
145 110 9804
792 140 687
225 301 7751
150 43 2673
346 416 4388
39 73 1466
922 674 757
355 928 223
860 695 9580
531 811 1249
43 561 914
621 961 8824
541 143 9133
399 731 1667
912 542 1040
42 182 4763
597 485 9757
189 487 6586
56 500 189
843 16 5688
261 507 2010
243 491 5787
881 630 5243
985 508 8340
995 955 962
431 644 5796
281 232 5092
9 955 1813
676 25 4774
948 705 1682
815 142 4490
329 786 1863
764 897 9104
810 861 85
693 545 9739
392 580 2962
280 1 2218
654 445 69
156 403 2600
461 886 9409
931 278 7554
161 98 5358
920 520 4921
932 448 5284
928 129 6833
998 116 5075
597 365 4674
905 99 8779
819 576 7008
921 639 9219
164 134 2943
793 613 4124
475 41 9266
659 124 7536
5 559 3392
491 709 1861
240 376 7919
547 719 6182
329 701 153
718 508 4451
101 137 8971
776 985 7600
356 701 2113
115 977 3852
835 497 1195
105 922 1998
445 730 8492
531 536 7552
426 31 4472
181 700 6938
378 541 8175
34 208 4162
245 7 795
327 951 946
492 838 4920
723 759 7149
633 974 6684
610 340 3799
771 752 3184
293 627 6042
585 906 2672
436 928 1451
703 209 7062
178 918 918
897 385 9397
117 240 6993
819 390 4161
72 943 7993
621 433 8852
703 412 4965
319 694 746
912 224 554
917 271 2635
344 914 3493
874 326 4123
76 801 1015
640 720 5197
762 87 1199
90 714 6561
645 399 841
370 364 6496
965 556 97
624 676 4577
226 225 2828
235 579 1818
971 427 1111
3 701 3410
892 608 8324
462 647 704
210 36 2215
209 617 463
950 41 3540
59 161 51
671 817 2288
637 288 1967
9 562 753
714 199 1072
525 699 3912
704 208 1451
669 974 2124
740 618 5804
885 950 2701
695 630 8643
11 965 6981
632 646 2850
449 456 1611
886 956 3670
223 556 3059
262 794 5649
586 369 7140
119 740 2228
979 30 2185
916 39 4190
208 632 6324
851 67 1034
215 509 890
155 572 1114
672 82 9628
211 802 7345
428 352 5446
317 192 2648
120 120 3598
298 463 4572
759 905 5878
957 617 3751
438 60 4975
625 960 6084
442 131 5977
51 8 5104
847 255 4915
359 984 490
357 381 4873
403 63 1764
52 482 8217
461 603 4752
59 327 6448
625 714 9963
815 255 159
939 923 7324
993 607 4957
531 83 8820
212 620 2904
234 238 3554
66 272 1132
235 66 7406
779 76 5569
590 231 405
781 631 5386
696 520 9736
818 938 9994
486 257 3235
191 218 9182
984 276 6898
728 986 2618
170 451 2498
588 487 6107
564 989 8568
853 141 483
649 70 1379
841 581 8138
799 584 5743
926 401 3996
653 18 9113
261 578 2798
717 676 1302
125 708 6406
853 215 397
381 649 8904
853 777 9428
622 971 5053
158 784 7578
982 159 1617
803 239 417
916 907 2135
789 426 6504
996 409 9694
788 313 5355
618 412 2275
93 194 607
81 229 3846
678 129 2447
798 237 5296
881 470 3283
897 299 2360
99 479 3161
712 895 3862
574 779 670
83 22 8305
307 979 5632
409 538 2329
119 547 6790
514 356 7489
708 210 1226
255 342 7521
533 546 229
504 591 6405
206 397 1857
470 327 8271
930 135 9223
387 999 9000
887 956 8375
681 17 9825
562 421 379
793 494 4603
1000 266 6597
654 372 2017
638 30 7212
66 521 9411
216 244 1349
965 898 9956
719 625 9771
185 701 9659
343 367 2920
736 276 3261
303 238 1393
460 734 7576
770 884 8542
369 458 3932
581 788 6562
270 798 5534
661 485 8156
785 766 779
888 173 5801
788 523 9725
366 97 9165
644 77 9177
715 650 3099
570 918 3566
882 368 5056
210 958 40
730 886 1484
228 121 7682
917 667 3608
819 640 8332
582 649 6246
143 232 5499
815 736 553
575 546 2905
789 922 3969
451 389 2416
475 840 341
769 707 1088
770 936 8341
549 167 2681
73 141 3518
343 784 9213
859 399 2003
229 684 1228
92 803 2957
248 380 8455
417 787 9771
929 970 107
318 146 8153
177 10 6301
657 404 1742
163 750 2788
855 165 411
524 374 6866
809 773 4732
214 227 700
573 275 7206
383 506 3006
311 241 4576
896 924 8639
775 687 7388
422 421 3273
530 435 6752
893 173 4783
370 142 5667
733 110 6172
731 82 4570
352 874 7023
797 292 6254
142 415 6910
862 327 416
263 506 325
584 643 9295
98 310 5071
570 675 3788
810 718 465
440 242 2433
910 557 413
521 953 9175
288 707 7557
718 990 6588
204 74 5705
712 11 5917
646 656 5131
230 80 7225
756 41 7676
511 349 9955
68 209 5412
452 579 4013
78 189 4852
924 484 321
591 208 8891
760 32 1050
814 918 1117
545 122 3283
821 309 638
515 384 5545
269 478 7734
918 345 193
416 372 9725
507 485 5867
862 244 1482
152 928 3255
498 252 6121
161 861 4646
468 306 5456
729 181 24
545 696 3812
858 628 7013
223 938 4119
57 496 1716
295 149 4360
755 861 1936
822 859 73
49 17 1169
809 756 8269
430 630 4034
221 586 4211
672 406 4958
130 122 7428
210 981 7024
188 628 1222
118 564 6442
708 410 3794
271 954 6799
832 889 5014
302 297 8396
811 732 8195
63 587 2678
753 195 3508
408 243 1428
597 406 3092
281 878 8810
80 989 4818
708 8 3992
666 312 1491
439 814 4496
987 455 1146
682 298 1714
420 109 2447
704 862 3445
896 342 3108
774 477 2620
307 293 6975
256 851 3905
259 257 3771
464 287 3494
320 423 4968
708 393 3202
837 254 3986
625 236 3463
347 491 6183
411 717 7788
403 467 7936
986 21 9895
940 326 688
310 298 9845
687 842 4413
518 91 1270
131 294 9770
249 10 5735
6 36 7617
599 965 7279
764 852 1697
642 987 4262
862 87 3424
437 355 7933
67 641 7631
398 947 7561
410 450 5275
595 893 7701
31 698 2686
20 29 5262
27 932 4476
718 133 5750
922 91 5276
135 343 5321
866 211 9976
182 964 3062
420 231 7092
48 464 2022
574 715 9707
163 816 7946
923 278 4892
968 790 3951
866 321 3685
898 998 3185
675 434 4410
375 459 6225
204 998 7471
817 855 6400
661 562 3959
191 644 4008
486 650 9340
360 316 2720
195 960 283
236 428 4896
128 429 8930
633 365 6184
491 72 1900
308 415 3950
294 130 8336
727 978 5807
99 85 3785
184 388 4529
469 865 3920
998 330 5802
76 122 637
854 739 785
729 273 2868
944 408 3749
50 154 5622
673 836 5498
722 959 2437
766 46 9048
407 69 2509
231 312 6893
100 38 6191
323 609 3777
552 40 4408
333 738 7164
805 580 3393
657 363 2609
703 31 8371
442 454 8023
32 551 265
55 743 7533
216 921 1365
742 34 1776
976 489 6213
168 615 6746
969 392 9045
774 10 4895
945 926 3180
760 393 685
793 60 7413
455 198 9403
224 336 3860
406 552 2102
746 587 2767
60 327 9822
874 819 2453
457 983 63
625 968 1939
284 879 5131
553 932 2835
401 927 446
794 173 1066
115 839 296
2 480 1185
907 257 1051
121 438 2156
349 394 9130
964 243 3577
728 310 4472
420 620 646
650 287 7721
667 359 8337
746 251 9732
853 115 3199
473 236 2154
634 269 3280
924 115 8562
236 800 9474
317 295 6874
974 636 3223
454 268 2836
474 378 5293
934 423 4326
503 933 7779
242 691 5062
248 916 2270
772 680 3308
681 664 6055
846 467 6306
774 348 6295
878 684 5909
384 613 4399
918 8 3799
288 708 240
746 309 2459
338 162 231
813 154 9693
516 394 5283
833 111 5913
342 837 131
713 133 913
335 430 9741
10 323 9755
234 158 3632
152 316 4144
222 688 2839
33 311 618
689 492 6096
434 373 8235
400 68 3948
995 105 780
419 337 4556
84 735 3567
817 115 1981
175 228 9758
230 227 5114
190 704 8439
283 215 4728
364 898 6344
162 57 3127
83 3 8472
469 818 7102
130 159 4548
419 880 8518
507 574 3599
782 467 2315
399 926 4306
383 312 4958
998 361 3330
299 639 2728
407 878 6435
782 215 5019
591 154 8296
228 961 7955
216 821 407
128 489 9347
563 509 3231
814 646 6200
465 326 3117
610 825 5105
213 673 7986
794 775 4449
917 654 4207
114 40 7239
775 277 2012
811 107 4913
481 463 3281
754 912 469
247 265 1508
309 504 6630
382 744 9292
754 908 127
883 897 3870
578 686 4772
948 269 9011
133 959 2004
307 691 6915
15 737 3270
381 600 7113
188 823 7121
450 282 4757
843 370 5174
379 218 8388
401 549 9868
520 546 9194
352 672 8389
214 803 9291
779 35 1061
368 211 1755
42 312 8126
29 381 6623
696 385 191
537 435 1682
565 502 4493
327 287 9585
769 445 3061
459 971 789
124 606 1733
813 790 4761
47 86 384
575 867 6266
69 276 8022
512 367 8678
795 485 4189
395 946 8096
177 469 4501
497 48 6639
458 527 8548
442 565 2142
687 576 9773
58 629 5452
311 514 3948
596 56 9827
224 253 2811
592 47 5834
378 75 2291
208 889 2563
46 568 1023
858 415 1985
774 945 4818
802 497 2370
614 258 7093
778 528 140
456 673 8517
682 615 8711
365 36 7275
997 419 253
235 741 2945
315 213 5367
320 945 6613
122 861 3634
920 763 9223
468 323 2420
28 927 6500
732 851 8817
322 375 5629
911 921 9306