100 100 50
34 97 3906
20 56 2429
60 92 2369
50 20 6210
1 31 2452
38 25 3882
32 63 2761
52 90 2956
71 18 4931
32 99 1948
24 40 6956
56 81 1309
30 20 828
97 44 8966
89 54 852
61 17 6818
11 52 9321
19 57 3159
87 59 8002
26 61 4196
43 14 8597
25 91 6783
5 5 7588
84 79 5454
3 75 7477
91 61 4968
80 79 9640
89 94 4736
35 88 7958
7 82 3609
44 51 8953
52 46 1850
3 31 4511
77 67 412
3 47 4412
89 100 4412
15 98 9644
57 5 696
75 68 9231
81 4 9602
98 83 3243
44 83 3474
63 38 5414
15 95 3669
29 34 287
37 64 3317
61 27 4873
33 9 308
98 74 6087
57 57 2009
