10
1000 1000 1000 1000 1000 1000 1000 1000 1000 1000
10
200 400 450 1650 1050 1650 1400 950 1250 1900 
20
1800 450 1250 1250 1700 1600 1400 400 1000 750 900 1100 1950 1400 700 400 300 750 400 2000 
30
1300 1250 150 1650 750 1200 1250 150 1900 950 1450 500 1700 650 800 150 950 500 1000 1200 1200 350 1600 50 1100 1650 800 950 250 550 
40
1650 1250 1500 1850 1900 50 950 700 1650 650 100 300 1550 1050 1500 1900 500 1750 700 950 250 900 1750 1900 950 1600 1350 1050 600 800 900 1800 1600 1950 1250 1450 2000 150 150 1200 
50
700 1200 250 1050 1850 500 100 2000 200 1300 200 1550 300 150 1600 150 1500 500 1650 1750 1650 1650 1100 600 1150 350 300 700 950 1500 1100 1600 250 1350 200 50 1400 1850 2000 1550 750 200 1100 1000 300 250 1150 1350 350 350 
70
1400 650 1550 600 100 650 600 1000 1200 1250 150 350 1750 750 450 100 1800 1550 1350 1450 450 150 1800 100 400 1650 400 2000 100 500 950 1450 700 50 2000 750 250 150 1300 1400 1400 1050 1350 700 1750 1350 750 1500 850 1700 500 850 1800 1850 900 1750 1450 850 1750 1500 1300 250 950 1950 300 500 300 500 250 1550 
0