
--------------------------------------------------------------------------------------------------------
Total no of Unique Weights:10
4000,2000,1000,3000,8000,6000,5000,7000,9000,10000,
--------------------------------------------------------------------------------------------------------
Total no of Unique Weights:208
4500,2300,1050,400,250,150,50,100,200,350,300,650,550,450,500,600,850,750,700,800,950,900,1000,1700,1400,1200,1100,1150,1300,1250,1350,1500,1450,1600,1550,1650,2050,1850,1800,1750,1950,1900,2000,2200,2100,2150,2250,3300,2850,2550,2450,2400,2350,2500,2700,2650,2600,2750,2800,3100,2950,2900,3050,3000,3200,3150,3250,3950,3550,3450,3350,3400,3500,3750,3650,3600,3700,3850,3800,3900,4200,4100,4050,4000,4150,4350,4300,4250,4400,4450,7150,5900,5200,4800,4600,4550,4700,4650,4750,5000,4900,4850,4950,5100,5050,5150,5600,5400,5300,5250,5350,5500,5450,5550,5750,5700,5650,5800,5850,6550,6200,6000,5950,6100,6050,6150,6400,6300,6250,6350,6500,6450,6850,6700,6650,6600,6800,6750,6950,6900,7050,7000,7100,8400,7950,7550,7350,7250,7200,7300,7450,7400,7500,7750,7650,7600,7700,7850,7800,7900,8100,8050,8000,8200,8150,8300,8250,8350,9150,8800,8600,8500,8450,8550,8700,8650,8750,8950,8850,8900,9050,9000,9100,9950,9550,9350,9250,9200,9300,9450,9400,9500,9750,9650,9600,9700,9850,9800,9900,10100,10000,10050,10500,10300,10250,10450,10700,10900,
--------------------------------------------------------------------------------------------------------
Total no of Unique Weights:420
4750,2600,1350,800,450,150,100,50,250,200,350,300,400,600,550,500,700,650,750,1050,950,900,850,1000,1150,1100,1250,1200,1300,2050,1800,1600,1500,1450,1400,1550,1700,1650,1750,1900,1850,1950,2000,2250,2150,2100,2200,2400,2300,2350,2500,2450,2550,3850,3050,2850,2700,2650,2750,2800,2950,2900,3000,3500,3200,3150,3100,3400,3300,3250,3350,3450,3650,3550,3600,3750,3700,3800,4300,4100,3950,3900,4000,4050,4200,4150,4250,4450,4400,4350,4600,4550,4500,4650,4700,11500,7600,6000,5550,5100,4900,4850,4800,5000,4950,5050,5350,5200,5150,5250,5300,5450,5400,5500,5850,5700,5600,5650,5800,5750,5900,5950,6800,6350,6150,6050,6100,6250,6200,6300,6600,6450,6400,6500,6550,6700,6650,6750,7150,6950,6850,6900,7050,7000,7100,7300,7200,7250,7400,7350,7500,7450,7550,9400,8550,8050,7750,7650,7700,7850,7800,7950,7900,8000,8300,8200,8150,8100,8250,8400,8350,8450,8500,9000,8750,8650,8600,8700,8850,8800,8950,8900,9150,9050,9100,9250,9200,9300,9350,10400,9850,9550,9450,9500,9700,9600,9650,9750,9800,10150,10000,9950,9900,10050,10100,10300,10200,10250,10350,11050,10750,10600,10500,10450,10550,10700,10650,10900,10850,10800,11000,10950,11200,11150,11100,11300,11250,11400,11350,11450,16500,13800,12500,12000,11750,11650,11600,11550,11700,11850,11800,11950,11900,12300,12150,12100,12050,12250,12200,12400,12350,12450,13150,12750,12600,12550,12700,12650,12950,12850,12800,12900,13050,13000,13100,13550,13350,13250,13200,13300,13450,13400,13500,13700,13600,13650,13750,15100,14450,14100,13950,13900,13850,14050,14000,14250,14200,14150,14350,14300,14400,14750,14650,14550,14500,14600,14700,14950,14850,14800,14900,15000,15050,15850,15500,15300,15200,15150,15250,15400,15350,15450,15650,15550,15600,15750,15700,15800,16150,16050,15950,15900,16000,16100,16350,16250,16200,16300,16450,16400,18900,17600,16950,16750,16600,16550,16650,16700,16850,16800,16900,17250,17150,17050,17000,17100,17200,17450,17350,17300,17400,17500,17550,18250,17900,17700,17650,17800,17750,17850,18050,17950,18000,18150,18100,18200,18500,18350,18300,18400,18450,18700,18600,18550,18650,18800,18750,18850,19500,19200,19100,19000,18950,19050,19150,19300,19250,19400,19350,19450,20250,19900,19700,19600,19550,19650,19800,19750,19850,20050,19950,20000,20150,20100,20200,20700,20450,20350,20300,20400,20600,20500,20650,21050,20800,20750,20900,21200,21100,21500,
--------------------------------------------------------------------------------------------------------
Total no of Unique Weights:559
16100,6950,3700,1700,750,500,200,100,50,150,350,250,300,400,450,650,600,550,700,1150,900,800,850,1050,950,1000,1100,1450,1300,1250,1200,1400,1350,1550,1500,1600,1650,2550,2050,1850,1750,1800,1950,1900,2000,2300,2200,2150,2100,2250,2400,2350,2450,2500,3100,2800,2700,2600,2650,2750,2950,2900,2850,3050,3000,3500,3300,3200,3150,3250,3400,3350,3450,3600,3550,3650,5100,4650,4200,3850,3800,3750,4050,3950,3900,4000,4150,4100,4350,4300,4250,4500,4450,4400,4550,4600,4950,4800,4700,4750,4900,4850,5050,5000,5900,5400,5250,5200,5150,5300,5350,5550,5450,5500,5750,5650,5600,5700,5850,5800,6500,6200,6050,6000,5950,6150,6100,6300,6250,6400,6350,6450,6800,6650,6550,6600,6700,6750,6850,6900,11350,9300,8200,7550,7250,7100,7000,7050,7150,7200,7400,7300,7350,7450,7500,7900,7700,7650,7600,7800,7750,7850,8050,7950,8000,8150,8100,8700,8550,8400,8300,8250,8350,8500,8450,8650,8600,9000,8800,8750,8900,8850,8950,9100,9050,9200,9150,9250,10400,9800,9450,9350,9400,9600,9500,9550,9700,9650,9750,10100,9950,9850,9900,10000,10050,10250,10150,10200,10350,10300,11050,10750,10550,10450,10500,10650,10600,10700,10900,10800,10850,10950,11000,11250,11150,11100,11200,11300,13900,12500,11850,11550,11450,11400,11500,11700,11600,11650,11750,11800,12200,12000,11900,11950,12100,12050,12150,12350,12250,12300,12450,12400,13250,12850,12700,12600,12550,12650,12800,12750,13050,12950,12900,13000,13150,13100,13200,13550,13400,13300,13350,13450,13500,13700,13600,13650,13800,13750,13850,15000,14550,14200,14050,13950,14000,14100,14150,14350,14250,14300,14450,14400,14500,14700,14650,14600,14850,14750,14800,14900,14950,15650,15350,15150,15050,15100,15250,15200,15300,15500,15450,15400,15600,15550,15800,15750,15700,15950,15850,15900,16000,16050,21000,18650,17450,16750,16450,16250,16150,16200,16350,16300,16400,16600,16500,16550,16650,16700,17100,16950,16850,16800,16900,17050,17000,17250,17150,17200,17350,17300,17400,18100,17750,17600,17500,17550,17650,17700,17950,17850,17800,17900,18050,18000,18450,18250,18150,18200,18350,18300,18400,18550,18500,18600,19850,19300,18950,18800,18700,18750,18850,18900,19150,19050,19000,19100,19250,19200,19650,19450,19350,19400,19550,19500,19600,19750,19700,19800,20350,20150,20000,19900,19950,20050,20100,20250,20200,20300,20650,20500,20400,20450,20550,20600,20850,20750,20700,20800,20900,20950,23550,22100,21700,21350,21150,21050,21100,21250,21200,21300,21500,21450,21400,21600,21550,21650,21850,21750,21800,21950,21900,22000,22050,22800,22450,22250,22150,22200,22350,22300,22400,22650,22550,22500,22600,22700,22750,23150,22950,22900,22850,23050,23000,23100,23350,23250,23200,23300,23450,23400,23500,25000,24300,23900,23750,23650,23600,23700,23800,23850,24100,24000,23950,24050,24200,24150,24250,24600,24450,24400,24350,24550,24500,24800,24700,24650,24750,24900,24850,24950,26550,25800,25400,25200,25100,25050,25150,25300,25250,25350,25600,25500,25450,25550,25700,25650,25750,26200,26000,25900,25850,25950,26100,26050,26150,26350,26250,26300,26450,26400,26500,27350,26950,26750,26650,26600,26700,26850,26800,26900,27150,27050,27000,27100,27250,27200,27300,27700,27500,27450,27400,27600,27550,27650,27800,27750,27900,27850,27950,
--------------------------------------------------------------------------------------------------------
Total no of Unique Weights:921
12050,5000,2900,1650,400,150,50,100,250,200,350,300,900,750,600,500,450,550,650,700,800,850,1250,1050,1000,950,1150,1100,1200,1450,1350,1300,1400,1550,1500,1600,2100,1900,1750,1700,1850,1800,2000,1950,2050,2550,2350,2250,2150,2200,2300,2450,2400,2500,2750,2650,2600,2700,2800,2850,3750,3350,3150,3000,2950,3100,3050,3250,3200,3300,3500,3400,3450,3600,3550,3700,3650,4400,4000,3900,3800,3850,3950,4150,4100,4050,4300,4200,4250,4350,4750,4600,4500,4450,4550,4650,4700,4850,4800,4950,4900,8500,6250,5400,5250,5150,5050,5100,5200,5350,5300,5700,5600,5500,5450,5550,5650,5900,5800,5750,5850,6100,6000,5950,6050,6200,6150,7200,6650,6500,6350,6300,6450,6400,6550,6600,6900,6800,6700,6750,6850,7050,6950,7000,7150,7100,7800,7550,7400,7300,7250,7350,7450,7500,7650,7600,7750,7700,8100,7900,7850,8000,7950,8050,8300,8200,8150,8250,8400,8350,8450,9800,9050,8800,8600,8550,8700,8650,8750,8900,8850,8950,9000,9300,9150,9100,9200,9250,9550,9450,9350,9400,9500,9650,9600,9750,9700,11150,10500,10150,9950,9900,9850,10050,10000,10100,10300,10250,10200,10400,10350,10450,10800,10700,10600,10550,10650,10750,11000,10900,10850,10950,11050,11100,11600,11450,11350,11250,11200,11300,11400,11550,11500,11750,11700,11650,11950,11850,11800,11900,12000,24300,18050,15050,13500,12800,12450,12250,12150,12100,12200,12350,12300,12400,12650,12550,12500,12600,12750,12700,13150,13000,12900,12850,12950,13100,13050,13300,13250,13200,13400,13350,13450,14300,13900,13700,13600,13550,13650,13800,13750,13850,14100,14000,13950,14050,14200,14150,14250,14650,14450,14350,14400,14550,14500,14600,14850,14750,14700,14800,14950,14900,15000,16550,15800,15400,15200,15150,15100,15300,15250,15350,15600,15500,15450,15550,15700,15650,15750,16150,15950,15900,15850,16050,16000,16100,16350,16250,16200,16300,16450,16400,16500,17300,16950,16750,16650,16600,16700,16850,16800,16900,17100,17050,17000,17200,17150,17250,17700,17500,17400,17350,17450,17600,17550,17650,17850,17800,17750,17950,17900,18000,21200,19600,18850,18450,18250,18150,18100,18200,18350,18300,18400,18650,18550,18500,18600,18750,18700,18800,19250,19050,18950,18900,19000,19150,19100,19200,19450,19350,19300,19400,19550,19500,20400,20000,19800,19700,19650,19750,19900,19850,19950,20200,20100,20050,20150,20300,20250,20350,20800,20600,20500,20450,20550,20700,20650,20750,21000,20900,20850,20950,21100,21050,21150,22750,21950,21550,21400,21300,21250,21350,21500,21450,21750,21650,21600,21700,21850,21800,21900,22350,22150,22050,22000,22100,22250,22200,22300,22550,22450,22400,22500,22650,22600,22700,23550,23150,22950,22850,22800,22900,23050,23000,23100,23350,23250,23200,23300,23450,23400,23500,23900,23700,23600,23650,23800,23750,23850,24100,24000,23950,24050,24200,24150,24250,36450,30250,27350,25800,25100,24700,24500,24400,24350,24450,24600,24550,24650,24900,24800,24750,24850,25000,24950,25050,25450,25300,25200,25150,25250,25400,25350,25600,25550,25500,25700,25650,25750,26600,26200,26000,25900,25850,25950,26100,26050,26150,26400,26300,26250,26350,26500,26450,26550,27000,26800,26700,26650,26750,26900,26850,26950,27200,27100,27050,27150,27250,27300,28800,28150,27750,27550,27450,27400,27500,27650,27600,27700,27950,27850,27800,27900,28050,28000,28100,28500,28300,28250,28200,28400,28350,28450,28600,28550,28700,28650,28750,29550,29150,28950,28900,28850,29050,29000,29100,29350,29250,29200,29300,29450,29400,29500,29850,29750,29650,29600,29700,29800,30050,29950,29900,30000,30150,30100,30200,33350,31750,31000,30600,30400,30300,30350,30500,30450,30550,30800,30700,30650,30750,30900,30850,30950,31350,31200,31100,31050,31150,31300,31250,31550,31450,31400,31500,31650,31600,31700,32550,32150,31950,31850,31800,31900,32050,32000,32100,32350,32250,32200,32300,32450,32400,32500,32950,32750,32650,32600,32700,32850,32800,32900,33150,33050,33000,33100,33250,33200,33300,34850,34150,33750,33550,33450,33400,33500,33650,33600,33700,33950,33850,33800,33900,34050,34000,34100,34500,34350,34250,34200,34300,34450,34400,34650,34600,34550,34750,34700,34800,35650,35250,35050,34950,34900,35000,35150,35100,35200,35450,35350,35300,35400,35550,35500,35600,36050,35850,35750,35700,35800,35950,35900,36000,36250,36150,36100,36200,36350,36300,36400,42550,39600,38000,37250,36850,36650,36550,36500,36600,36750,36700,36800,37050,36950,36900,37000,37150,37100,37200,37650,37450,37350,37300,37400,37550,37500,37600,37850,37750,37700,37800,37950,37900,38800,38400,38200,38100,38050,38150,38300,38250,38350,38600,38500,38450,38550,38700,38650,38750,39200,39000,38900,38850,38950,39100,39050,39150,39400,39300,39250,39350,39500,39450,39550,41100,40350,39950,39800,39700,39650,39750,39850,39900,40150,40050,40000,40100,40250,40200,40300,40750,40550,40450,40400,40500,40650,40600,40700,40950,40850,40800,40900,41050,41000,41800,41400,41250,41150,41200,41350,41300,41600,41500,41450,41550,41700,41650,41750,42200,42000,41900,41850,41950,42100,42050,42150,42400,42300,42250,42350,42500,42450,44000,43250,42950,42750,42650,42600,42700,42850,42800,42900,43100,43050,43000,43200,43150,43600,43400,43350,43300,43500,43450,43550,43800,43700,43650,43750,43900,43850,43950,44800,44400,44200,44100,44050,44150,44300,44250,44350,44600,44500,44450,44550,44700,44650,44750,45600,45200,45000,44900,44850,44950,45100,45050,45150,45400,45300,45250,45350,45500,45450,45550,45800,45700,45650,45750,45900,45850,46000,45950,46050,
--------------------------------------------------------------------------------------------------------
Total no of Unique Weights:932
19100,7200,2950,1200,700,250,100,50,150,200,450,350,300,400,550,500,600,650,850,750,800,1050,950,900,1000,1100,1150,2250,1650,1450,1300,1250,1400,1350,1550,1500,1600,2000,1800,1750,1700,1900,1850,1950,2150,2100,2050,2200,2500,2350,2300,2400,2450,2700,2600,2550,2650,2800,2750,2900,2850,4550,3650,3400,3200,3100,3050,3000,3150,3300,3250,3350,3550,3500,3450,3600,4100,3850,3750,3700,3800,4000,3900,3950,4050,4250,4150,4200,4350,4300,4450,4400,4500,5750,5050,4800,4650,4600,4700,4750,4900,4850,4950,5000,5400,5200,5150,5100,5300,5250,5350,5550,5450,5500,5650,5600,5700,6450,6100,5950,5850,5800,5900,6000,6050,6250,6150,6200,6350,6300,6400,6850,6650,6550,6500,6600,6750,6700,6800,7050,6950,6900,7000,7150,7100,13000,10150,8700,7950,7550,7400,7300,7250,7350,7450,7500,7750,7650,7600,7700,7850,7800,7900,8350,8150,8050,8000,8100,8250,8200,8300,8500,8450,8400,8600,8550,8650,9400,9050,8900,8800,8750,8850,8950,9000,9250,9150,9100,9200,9350,9300,9800,9600,9500,9450,9550,9700,9650,9750,10000,9900,9850,9950,10100,10050,11500,10900,10550,10350,10250,10200,10300,10450,10400,10500,10700,10650,10600,10800,10750,10850,11200,11100,11000,10950,11050,11150,11350,11250,11300,11450,11400,12250,11850,11700,11600,11550,11650,11750,11800,12050,11950,11900,12000,12150,12100,12200,12600,12400,12350,12300,12500,12450,12550,12800,12700,12650,12750,12900,12850,12950,15950,14500,13750,13350,13200,13100,13050,13150,13250,13300,13550,13450,13400,13500,13650,13600,13700,14100,13900,13850,13800,14000,13950,14050,14300,14200,14150,14250,14400,14350,14450,15300,14900,14700,14600,14550,14650,14800,14750,14850,15100,15000,14950,15050,15200,15150,15250,15550,15400,15350,15500,15450,15750,15650,15600,15700,15850,15800,15900,17500,16750,16350,16150,16050,16000,16100,16250,16200,16300,16550,16450,16400,16500,16650,16600,16700,17150,16950,16850,16800,16900,17050,17000,17100,17350,17250,17200,17300,17450,17400,18300,17900,17700,17600,17550,17650,17800,17750,17850,18100,18000,17950,18050,18200,18150,18250,18700,18500,18400,18350,18450,18600,18550,18650,18900,18800,18750,18850,19000,18950,19050,30650,25150,22100,20650,19850,19450,19250,19200,19150,19350,19300,19400,19650,19550,19500,19600,19750,19700,19800,20250,20050,19950,19900,20000,20150,20100,20200,20450,20350,20300,20400,20550,20500,20600,21400,21000,20850,20750,20700,20800,20900,20950,21200,21100,21050,21150,21300,21250,21350,21800,21600,21500,21450,21550,21700,21650,21750,21950,21850,21900,22050,22000,23650,22900,22500,22300,22200,22150,22250,22400,22350,22450,22700,22600,22550,22650,22800,22750,22850,23300,23100,23000,22950,23050,23200,23150,23250,23500,23400,23350,23450,23550,23600,24450,24050,23850,23750,23700,23800,23950,23900,24000,24250,24150,24100,24200,24350,24300,24400,24850,24650,24550,24500,24600,24750,24700,24800,25050,24950,24900,25000,25100,27950,26500,25850,25450,25300,25200,25250,25350,25400,25650,25550,25500,25600,25750,25700,25800,26150,26000,25900,25950,26100,26050,26350,26250,26200,26300,26400,26450,27250,26900,26700,26600,26550,26650,26800,26750,26850,27050,26950,27000,27150,27100,27200,27600,27450,27350,27300,27400,27500,27550,27750,27700,27650,27850,27800,27900,29300,28600,28300,28100,28000,28050,28200,28150,28250,28450,28350,28400,28550,28500,28950,28800,28700,28650,28750,28850,28900,29150,29050,29000,29100,29200,29250,29950,29650,29450,29400,29350,29550,29500,29600,29800,29700,29750,29900,29850,30300,30150,30050,30000,30100,30200,30250,30500,30400,30350,30450,30550,30600,36400,33500,32100,31400,31050,30850,30750,30700,30800,30950,30900,31000,31250,31150,31100,31200,31300,31350,31750,31600,31500,31450,31550,31700,31650,31950,31850,31800,31900,32050,32000,32850,32500,32300,32200,32150,32250,32400,32350,32450,32650,32600,32550,32750,32700,32800,33150,33000,32950,32900,33100,33050,33350,33250,33200,33300,33450,33400,34950,34250,33900,33700,33600,33550,33650,33800,33750,33850,34050,34000,33950,34150,34100,34200,34600,34400,34350,34300,34500,34450,34550,34800,34700,34650,34750,34850,34900,35650,35300,35100,35000,35050,35200,35150,35250,35450,35400,35350,35550,35500,35600,36000,35850,35750,35700,35800,35900,35950,36200,36100,36050,36150,36300,36250,36350,42350,39300,37850,37100,36800,36600,36500,36450,36550,36700,36650,36750,36950,36900,36850,37050,37000,37450,37300,37200,37150,37250,37400,37350,37650,37550,37500,37600,37750,37700,37800,38600,38250,38050,37950,37900,38000,38150,38100,38200,38450,38350,38300,38400,38500,38550,38950,38750,38650,38700,38850,38800,38900,39100,39050,39000,39200,39150,39250,40800,40050,39700,39500,39400,39350,39450,39600,39550,39650,39850,39800,39750,39950,39900,40000,40450,40250,40150,40100,40200,40350,40300,40400,40650,40550,40500,40600,40750,40700,41550,41150,40950,40900,40850,41050,41000,41100,41350,41250,41200,41300,41450,41400,41500,41950,41750,41650,41600,41700,41850,41800,41900,42150,42050,42000,42100,42250,42200,42300,43900,43150,42750,42550,42450,42400,42500,42650,42600,42700,42950,42850,42800,42900,43050,43000,43100,43500,43350,43250,43200,43300,43400,43450,43700,43600,43550,43650,43800,43750,43850,45450,44700,44300,44100,44000,43950,44050,44200,44150,44250,44500,44400,44350,44450,44600,44550,44650,45050,44850,44750,44800,44950,44900,45000,45250,45150,45100,45200,45350,45300,45400,45850,45650,45550,45500,45600,45750,45700,45800,46250,46050,45950,45900,46000,46150,46100,46200,46450,46350,46300,46400,46550,46500,46600,
--------------------------------------------------------------------------------------------------------
Total no of Unique Weights:1374
42500,18350,7550,2950,1550,900,500,150,100,50,300,200,250,400,350,450,650,600,550,750,700,800,850,1250,1100,1000,950,1050,1200,1150,1400,1350,1300,1500,1450,2200,1900,1700,1600,1650,1800,1750,1850,2000,1950,2100,2050,2150,2650,2400,2300,2250,2350,2550,2450,2500,2600,2800,2750,2700,2900,2850,5200,4100,3550,3300,3100,3050,3000,3200,3150,3250,3400,3350,3450,3500,3750,3650,3600,3700,3900,3800,3850,4000,3950,4050,4750,4500,4300,4200,4150,4250,4400,4350,4450,4650,4550,4600,4700,4950,4850,4800,4900,5050,5000,5100,5150,6350,5800,5450,5300,5250,5350,5400,5600,5550,5500,5700,5650,5750,6050,5950,5900,5850,6000,6150,6100,6250,6200,6300,6900,6550,6450,6400,6500,6750,6650,6600,6700,6850,6800,7300,7100,7000,6950,7050,7200,7150,7250,7400,7350,7500,7450,12550,9750,8500,8000,7750,7650,7600,7700,7850,7800,7900,7950,8250,8150,8050,8100,8200,8400,8350,8300,8450,9150,8800,8650,8550,8600,8750,8700,8950,8900,8850,9050,9000,9100,9500,9350,9250,9200,9300,9400,9450,9600,9550,9650,9700,11100,10400,10100,9900,9850,9800,10000,9950,10050,10250,10200,10150,10300,10350,10700,10550,10500,10450,10650,10600,10900,10800,10750,10850,11000,10950,11050,11850,11450,11250,11150,11200,11350,11300,11400,11650,11550,11500,11600,11750,11700,11800,12200,12000,11900,11950,12100,12050,12150,12400,12300,12250,12350,12450,12500,15450,14000,13250,12900,12700,12650,12600,12800,12750,12850,13050,13000,12950,13150,13100,13200,13650,13450,13350,13300,13400,13550,13500,13600,13800,13750,13700,13900,13850,13950,14700,14350,14200,14100,14050,14150,14250,14300,14550,14450,14400,14500,14600,14650,15100,14900,14800,14750,14850,15000,14950,15050,15300,15200,15150,15250,15350,15400,16900,16150,15800,15650,15550,15500,15600,15750,15700,16000,15900,15850,15950,16050,16100,16550,16350,16250,16200,16300,16450,16400,16500,16750,16650,16600,16700,16800,16850,17600,17250,17100,17000,16950,17050,17150,17200,17450,17350,17300,17400,17550,17500,18000,17800,17700,17650,17750,17900,17850,17950,18200,18100,18050,18150,18300,18250,30350,24200,21300,19800,19100,18750,18550,18450,18400,18500,18650,18600,18700,18900,18800,18850,19000,18950,19050,19500,19300,19200,19150,19250,19400,19350,19450,19700,19600,19550,19650,19750,20550,20150,20000,19900,19850,19950,20100,20050,20350,20250,20200,20300,20450,20400,20500,20900,20700,20650,20600,20800,20750,20850,21100,21000,20950,21050,21200,21150,21250,22750,22000,21650,21500,21400,21350,21450,21600,21550,21800,21750,21700,21900,21850,21950,22350,22200,22100,22050,22150,22300,22250,22550,22450,22400,22500,22650,22600,22700,23550,23150,22950,22850,22800,22900,23050,23000,23100,23350,23250,23200,23300,23450,23400,23500,23800,23650,23600,23750,23700,24000,23900,23850,23950,24100,24050,24150,27300,25750,24950,24550,24350,24300,24250,24450,24400,24500,24750,24650,24600,24700,24850,24800,24900,25350,25150,25050,25000,25100,25250,25200,25300,25550,25450,25400,25500,25650,25600,25700,26500,26150,25950,25850,25800,25900,26050,26000,26100,26300,26250,26200,26400,26350,26450,26900,26700,26600,26550,26650,26800,26750,26850,27100,27000,26950,27050,27200,27150,27250,28850,28050,27700,27500,27400,27350,27450,27600,27550,27650,27850,27750,27800,27950,27900,28000,28450,28250,28150,28100,28200,28350,28300,28400,28650,28550,28500,28600,28750,28700,28800,29600,29250,29050,28950,28900,29000,29150,29100,29200,29450,29350,29300,29400,29500,29550,29950,29750,29700,29650,29850,29800,29900,30150,30050,30000,30100,30250,30200,30300,36300,33400,31900,31150,30750,30550,30450,30400,30500,30650,30600,30700,30950,30850,30800,30900,31050,31000,31100,31500,31350,31250,31200,31300,31450,31400,31700,31600,31550,31650,31800,31750,31850,32650,32300,32100,32000,31950,32050,32200,32150,32250,32500,32400,32350,32450,32550,32600,33000,32800,32750,32700,32900,32850,32950,33200,33100,33050,33150,33300,33250,33350,34900,34150,33800,33600,33500,33450,33550,33700,33650,33750,34000,33900,33850,33950,34050,34100,34500,34300,34250,34200,34400,34350,34450,34700,34600,34550,34650,34800,34750,34850,35550,35250,35100,35000,34950,35050,35200,35150,35400,35300,35350,35500,35450,35900,35700,35650,35600,35800,35750,35850,36100,36000,35950,36050,36200,36150,36250,39400,37850,37050,36650,36500,36400,36350,36450,36600,36550,36850,36750,36700,36800,36950,36900,37000,37450,37250,37150,37100,37200,37350,37300,37400,37650,37550,37500,37600,37750,37700,37800,38600,38200,38000,37950,37900,38100,38050,38150,38400,38300,38250,38350,38500,38450,38550,39000,38800,38700,38650,38750,38900,38850,38950,39200,39100,39050,39150,39300,39250,39350,40950,40150,39750,39600,39500,39450,39550,39700,39650,39950,39850,39800,39900,40050,40000,40100,40550,40350,40250,40200,40300,40450,40400,40500,40750,40650,40600,40700,40850,40800,40900,41700,41350,41150,41050,41000,41100,41250,41200,41300,41500,41450,41400,41600,41550,41650,42100,41900,41800,41750,41850,42000,41950,42050,42300,42200,42150,42250,42400,42350,42450,54400,48550,45500,44000,43250,42850,42700,42600,42550,42650,42800,42750,43050,42950,42900,43000,43150,43100,43200,43600,43450,43350,43300,43400,43550,43500,43800,43700,43650,43750,43900,43850,43950,44750,44350,44200,44100,44050,44150,44300,44250,44550,44450,44400,44500,44650,44600,44700,45150,44950,44850,44800,44900,45050,45000,45100,45300,45250,45200,45400,45350,45450,47000,46250,45900,45700,45600,45550,45650,45800,45750,45850,46050,46000,45950,46150,46100,46200,46650,46450,46350,46300,46400,46550,46500,46600,46850,46750,46700,46800,46950,46900,47800,47400,47200,47100,47050,47150,47300,47250,47350,47600,47500,47450,47550,47700,47650,47750,48200,48000,47900,47850,47950,48100,48050,48150,48350,48300,48250,48450,48400,48500,51550,50000,49300,48950,48750,48650,48600,48700,48850,48800,48900,49100,49050,49000,49200,49150,49250,49600,49500,49400,49350,49450,49550,49800,49700,49650,49750,49900,49850,49950,50750,50350,50150,50100,50050,50250,50200,50300,50550,50450,50400,50500,50650,50600,50700,51150,50950,50850,50800,50900,51050,51000,51100,51350,51250,51200,51300,51450,51400,51500,53000,52300,51950,51750,51650,51600,51700,51850,51800,51900,52100,52000,52050,52200,52150,52250,52650,52500,52400,52350,52450,52600,52550,52850,52750,52700,52800,52900,52950,53700,53400,53200,53100,53050,53150,53300,53250,53350,53550,53500,53450,53600,53650,54050,53850,53750,53800,53950,53900,54000,54250,54150,54100,54200,54350,54300,60100,57250,55850,55150,54750,54600,54500,54450,54550,54700,54650,54950,54850,54800,54900,55050,55000,55100,55500,55300,55250,55200,55400,55350,55450,55700,55600,55550,55650,55800,55750,56600,56200,56050,55950,55900,56000,56150,56100,56400,56300,56250,56350,56500,56450,56550,56900,56750,56700,56650,56800,56850,57050,57000,56950,57150,57100,57200,58650,57950,57600,57450,57350,57300,57400,57550,57500,57800,57700,57650,57750,57900,57850,58350,58150,58050,58000,58100,58250,58200,58300,58500,58450,58400,58600,58550,59400,59000,58800,58750,58700,58900,58850,58950,59200,59100,59050,59150,59300,59250,59350,59750,59550,59450,59500,59650,59600,59700,59950,59850,59800,59900,60000,60050,63150,61600,60850,60500,60300,60200,60150,60250,60400,60350,60450,60700,60600,60550,60650,60800,60750,61250,61050,60950,60900,61000,61150,61100,61200,61400,61350,61300,61500,61450,61550,62400,62000,61800,61700,61650,61750,61900,61850,61950,62200,62100,62050,62150,62300,62250,62350,62750,62550,62450,62500,62650,62600,62700,62950,62850,62800,62900,63050,63000,63100,66300,64700,63950,63550,63350,63250,63200,63300,63450,63400,63500,63750,63650,63600,63700,63850,63800,63900,64350,64150,64050,64000,64100,64250,64200,64300,64500,64400,64450,64600,64550,64650,65500,65100,64900,64800,64750,64850,65000,64950,65050,65300,65200,65150,65250,65400,65350,65450,65900,65700,65600,65550,65650,65800,65750,65850,66100,66000,65950,66050,66200,66150,66250,67850,67100,66700,66500,66400,66350,66450,66600,66550,66650,66900,66800,66750,66850,67000,66950,67050,67450,67250,67150,67200,67350,67300,67400,67650,67550,67500,67600,67750,67700,67800,68250,68050,67950,67900,68000,68150,68100,68200,68450,68350,68300,68400,68550,68500,68650,68600,68700,